seed,dimension,time,lowerBound,upperBound,termination,LMOcalls,localTighteings,globalTightenings,list_active_set_size_cb,list_discarded_set_size_cb
1,16,6062.0,2.0055418513310044,2.250303004538984,OPTIMAL,22,0,0,10,2
1,16,7219.0,2.0055418513310044,2.250303004538984,OPTIMAL,32,0,0,10,2
1,16,7373.0,2.0110639932118883,2.250303004538984,OPTIMAL,50,0,0,11,0
1,16,7510.0,2.0110639932118883,2.250303004538984,OPTIMAL,59,0,0,12,2
1,16,7656.0,2.015072633082372,2.250303004538984,OPTIMAL,76,0,0,12,3
1,16,7807.0,2.015072633082372,2.250303004538984,OPTIMAL,85,0,0,15,2
1,16,7956.0,2.0170491347476904,2.250303004538984,OPTIMAL,103,0,0,11,0
1,16,8079.0,2.0170491347476904,2.250303004538984,OPTIMAL,108,0,0,13,2
1,16,8226.0,2.019759860103039,2.250303004538984,OPTIMAL,128,0,0,11,0
1,16,8347.0,2.019759860103039,2.250303004538984,OPTIMAL,137,0,0,15,2
1,16,8498.0,2.0212109841778245,2.250303004538984,OPTIMAL,153,0,0,10,0
1,16,8613.0,2.0212109841778245,2.250303004538984,OPTIMAL,161,0,0,15,2
1,16,8766.0,2.021431770944972,2.250303004538984,OPTIMAL,180,0,0,10,0
1,16,8887.0,2.021431770944972,2.250303004538984,OPTIMAL,190,0,0,15,4
1,16,9023.0,2.0232756298808643,2.250303004538984,OPTIMAL,207,0,0,8,1
1,16,9136.0,2.0232756298808643,2.250303004538984,OPTIMAL,215,0,0,14,3
1,16,9289.0,2.023839304060533,2.250303004538984,OPTIMAL,234,0,0,11,0
1,16,9411.0,2.023839304060533,2.250303004538984,OPTIMAL,246,0,0,18,3
1,16,9559.0,2.0307439774407774,2.250303004538984,OPTIMAL,267,0,0,13,2
1,16,9658.0,2.0307439774407774,2.250303004538984,OPTIMAL,274,0,0,12,3
1,16,9811.0,2.0307439774407774,2.250303004538984,OPTIMAL,297,0,0,12,0
1,16,9935.0,2.0307439774407774,2.250303004538984,OPTIMAL,310,0,0,16,3
1,16,10077.0,2.0374076038737083,2.250303004538984,OPTIMAL,329,0,0,14,2
1,16,10177.0,2.0374076038737083,2.250303004538984,OPTIMAL,335,0,0,14,1
1,16,10320.0,2.037491285377743,2.250303004538984,OPTIMAL,356,0,0,11,0
1,16,10415.0,2.037491285377743,2.250303004538984,OPTIMAL,365,0,0,9,1
1,16,10549.0,2.042821731065972,2.250303004538984,OPTIMAL,385,0,0,12,3
1,16,10700.0,2.042821731065972,2.250303004538984,OPTIMAL,404,0,0,16,3
1,16,10801.0,2.050843042586699,2.250303004538984,OPTIMAL,417,0,0,10,0
1,16,10903.0,2.050843042586699,2.250303004538984,OPTIMAL,424,0,0,16,3
1,16,11047.0,2.050843042586699,2.250303004538984,OPTIMAL,448,53,0,12,0
1,16,11120.0,2.050843042586699,2.250303004538984,OPTIMAL,452,0,0,9,3
1,16,11264.0,2.050843042586699,2.250303004538984,OPTIMAL,474,0,0,7,0
1,16,11368.0,2.050843042586699,2.250303004538984,OPTIMAL,488,0,0,11,7
1,16,11484.0,2.064087736143169,2.250303004538984,OPTIMAL,504,0,0,9,1
1,16,11562.0,2.064087736143169,2.250303004538984,OPTIMAL,509,0,0,8,2
1,16,11698.0,2.0642077996278063,2.250303004538984,OPTIMAL,532,51,0,12,0
1,16,11832.0,2.0642077996278063,2.250303004538984,OPTIMAL,550,0,0,15,2
1,16,11934.0,2.0685257943540734,2.250303004538984,OPTIMAL,565,0,0,6,2
1,16,12018.0,2.0685257943540734,2.250303004538984,OPTIMAL,569,0,0,15,2
1,16,12150.0,2.0685584986670262,2.250303004538984,OPTIMAL,590,51,0,9,0
1,16,12235.0,2.0685584986670262,2.250303004538984,OPTIMAL,595,0,0,12,2
1,16,12359.0,2.068577738011148,2.250303004538984,OPTIMAL,615,50,0,5,0
1,16,12452.0,2.068577738011148,2.250303004538984,OPTIMAL,625,0,0,12,2
1,16,12565.0,2.0686235640339827,2.250303004538984,OPTIMAL,645,49,0,10,0
1,16,12658.0,2.0686235640339827,2.250303004538984,OPTIMAL,654,0,0,13,2
1,16,12782.0,2.068635557554935,2.250303004538984,OPTIMAL,674,48,0,4,1
1,16,12865.0,2.068635557554935,2.250303004538984,OPTIMAL,684,0,0,13,2
1,16,12997.0,2.068671718448509,2.250303004538984,OPTIMAL,706,46,0,11,0
1,16,13063.0,2.068671718448509,2.250303004538984,OPTIMAL,711,0,0,8,2
1,16,13176.0,2.0686818471448642,2.250303004538984,OPTIMAL,729,46,0,7,0
1,16,13296.0,2.0686818471448642,2.250303004538984,OPTIMAL,747,0,0,4,2
1,16,13392.0,2.0947054114487544,2.250303004538984,OPTIMAL,762,0,0,3,0
1,16,13501.0,2.0947054114487544,2.250303004538984,OPTIMAL,768,0,0,11,2
1,16,13628.0,2.095556543417798,2.250303004538984,OPTIMAL,788,64,0,11,0
1,16,13733.0,2.095556543417798,2.250303004538984,OPTIMAL,795,0,0,12,2
1,16,13850.0,2.0965067227537686,2.250303004538984,OPTIMAL,811,62,0,11,0
1,16,13972.0,2.0965067227537686,2.250303004538984,OPTIMAL,821,0,0,15,2
1,16,14088.0,2.0972359928610897,2.250303004538984,OPTIMAL,839,62,0,11,0
1,16,14243.0,2.0972359928610897,2.250303004538984,OPTIMAL,862,0,0,13,2
1,16,14332.0,2.09841829739554,2.250303004538984,OPTIMAL,876,0,0,3,5
1,16,14410.0,2.09841829739554,2.250303004538984,OPTIMAL,878,0,0,10,1
1,16,14528.0,2.09841829739554,2.250303004538984,OPTIMAL,897,63,0,10,0
1,16,14631.0,2.09841829739554,2.250303004538984,OPTIMAL,907,0,0,10,0
1,16,14755.0,2.1001851223014505,2.250303004538984,OPTIMAL,923,59,0,13,0
1,16,14827.0,2.1001851223014505,2.250303004538984,OPTIMAL,925,0,0,12,2
1,16,14932.0,2.1001851223014505,2.250303004538984,OPTIMAL,941,61,0,6,0
1,16,15021.0,2.1001851223014505,2.250303004538984,OPTIMAL,948,0,0,13,1
1,16,15124.0,2.1004045389296104,2.250303004538984,OPTIMAL,966,60,0,6,0
1,16,15204.0,2.1004045389296104,2.250303004538984,OPTIMAL,970,0,0,12,1
1,16,15311.0,2.1004045389296104,2.250303004538984,OPTIMAL,990,59,0,10,0
1,16,15392.0,2.1004045389296104,2.250303004538984,OPTIMAL,996,0,0,11,1
1,16,15498.0,2.1006523266687473,2.250303004538984,OPTIMAL,1014,58,0,9,0
1,16,15571.0,2.1006523266687473,2.250303004538984,OPTIMAL,1019,0,0,4,1
1,16,15686.0,2.1009629546845234,2.250303004538984,OPTIMAL,1038,56,0,9,0
1,16,15798.0,2.1009629546845234,2.250303004538984,OPTIMAL,1055,0,0,9,2
1,16,15884.0,2.1014173200651065,2.250303004538984,OPTIMAL,1066,0,0,7,1
1,16,15989.0,2.1014173200651065,2.250303004538984,OPTIMAL,1076,0,0,12,1
1,16,16097.0,2.1035220827212577,2.250303004538984,OPTIMAL,1093,61,0,10,0
1,16,16182.0,2.1035220827212577,2.250303004538984,OPTIMAL,1098,0,0,7,1
1,16,16302.0,2.1035220827212577,2.250303004538984,OPTIMAL,1116,60,0,6,0
1,16,16412.0,2.1035220827212577,2.250303004538984,OPTIMAL,1127,0,0,10,2
1,16,16517.0,2.1059917127133962,2.250303004538984,OPTIMAL,1142,0,0,9,3
1,16,16597.0,2.1059917127133962,2.250303004538984,OPTIMAL,1144,0,0,4,2
1,16,16739.0,2.1059917127133962,2.250303004538984,OPTIMAL,1166,57,0,11,0
1,16,16873.0,2.1059917127133962,2.250303004538984,OPTIMAL,1184,0,0,13,1
1,16,16969.0,2.107293103159505,2.250303004538984,OPTIMAL,1196,0,0,10,1
1,16,17083.0,2.107293103159505,2.250303004538984,OPTIMAL,1213,45,0,8,0
1,16,17192.0,2.1100352208687543,2.250303004538984,OPTIMAL,1230,0,0,9,2
1,16,17257.0,2.1100352208687543,2.250303004538984,OPTIMAL,1232,0,0,8,1
1,16,17376.0,2.1100352208687543,2.250303004538984,OPTIMAL,1253,59,0,12,0
1,16,17462.0,2.1100352208687543,2.250303004538984,OPTIMAL,1263,0,0,10,1
1,16,17568.0,2.1117373244370827,2.250303004538984,OPTIMAL,1278,58,0,9,1
1,16,17647.0,2.1117373244370827,2.250303004538984,OPTIMAL,1289,0,0,9,2
1,16,17715.0,2.113069466532565,2.250303004538984,OPTIMAL,1300,0,0,5,1
1,16,17825.0,2.113069466532565,2.250303004538984,OPTIMAL,1306,0,0,12,0
1,16,17959.0,2.1136596566003645,2.250303004538984,OPTIMAL,1324,63,0,11,0
1,16,18069.0,2.1136596566003645,2.250303004538984,OPTIMAL,1336,0,0,15,3
1,16,18195.0,2.1136689563024746,2.250303004538984,OPTIMAL,1360,45,0,3,0
1,16,18273.0,2.1136689563024746,2.250303004538984,OPTIMAL,1365,0,0,11,2
1,16,18352.0,2.1136689563024746,2.250303004538984,OPTIMAL,1386,44,0,8,1
1,16,18453.0,2.1136689563024746,2.250303004538984,OPTIMAL,1399,0,0,11,2
1,16,18570.0,2.1142190850585116,2.250303004538984,OPTIMAL,1420,43,0,7,0
1,16,18670.0,2.1142190850585116,2.250303004538984,OPTIMAL,1433,0,0,9,1
1,16,18789.0,2.114300394921692,2.250303004538984,OPTIMAL,1455,41,0,3,0
1,16,18951.0,2.114300394921692,2.250303004538984,OPTIMAL,1479,33,0,17,3
1,16,19056.0,2.114514814010477,2.250303004538984,OPTIMAL,1495,0,0,9,4
1,16,19171.0,2.114514814010477,2.250303004538984,OPTIMAL,1505,0,0,12,3
1,16,19286.0,2.1147055116983093,2.250303004538984,OPTIMAL,1523,56,0,10,1
1,16,19390.0,2.1147055116983093,2.250303004538984,OPTIMAL,1529,0,0,14,0
1,16,19538.0,2.1147774656296443,2.250303004538984,OPTIMAL,1549,62,0,7,0
1,16,19613.0,2.1147774656296443,2.250303004538984,OPTIMAL,1553,0,0,9,1
1,16,19671.0,2.115059756010443,2.250303004538984,OPTIMAL,1567,58,0,7,0
1,16,19756.0,2.115059756010443,2.250303004538984,OPTIMAL,1578,0,0,8,2
1,16,19862.0,2.1159087824735763,2.250303004538984,OPTIMAL,1595,57,0,8,0
1,16,19967.0,2.1159087824735763,2.250303004538984,OPTIMAL,1602,0,0,14,1
1,16,20105.0,2.116797347694702,2.250303004538984,OPTIMAL,1621,62,0,11,0
1,16,20190.0,2.116797347694702,2.250303004538984,OPTIMAL,1629,0,0,12,3
1,16,20299.0,2.116822687834544,2.250303004538984,OPTIMAL,1647,56,0,2,0
1,16,20396.0,2.116822687834544,2.250303004538984,OPTIMAL,1654,0,0,13,0
1,16,20524.0,2.1169376736570484,2.250303004538984,OPTIMAL,1673,61,0,12,0
1,16,20592.0,2.1169376736570484,2.250303004538984,OPTIMAL,1678,0,0,8,3
1,16,20698.0,2.117101112625669,2.250303004538984,OPTIMAL,1693,54,0,9,0
1,16,20775.0,2.117101112625669,2.250303004538984,OPTIMAL,1703,0,0,8,1
1,16,20878.0,2.1173545409942873,2.250303004538984,OPTIMAL,1721,54,0,8,0
1,16,20976.0,2.1173545409942873,2.250303004538984,OPTIMAL,1728,0,0,12,0
1,16,21103.0,2.1177046180042076,2.250303004538984,OPTIMAL,1744,59,0,12,1
1,16,21214.0,2.1177046180042076,2.250303004538984,OPTIMAL,1756,0,0,13,0
1,16,21321.0,2.117943308892853,2.250303004538984,OPTIMAL,1773,62,0,8,0
1,16,21400.0,2.117943308892853,2.250303004538984,OPTIMAL,1783,0,0,10,3
1,16,21481.0,2.118542378502878,2.250303004538984,OPTIMAL,1797,57,0,5,0
1,16,21568.0,2.118542378502878,2.250303004538984,OPTIMAL,1808,0,0,7,2
1,16,21652.0,2.1185570793394883,2.250303004538984,OPTIMAL,1827,41,0,3,0
1,16,21740.0,2.1185570793394883,2.250303004538984,OPTIMAL,1840,0,0,10,3
1,16,21832.0,2.1185574898523933,2.250303004538984,OPTIMAL,1855,55,0,5,2
1,16,21905.0,2.1185574898523933,2.250303004538984,OPTIMAL,1867,0,0,7,3
1,16,22000.0,2.1190450578225954,2.250303004538984,OPTIMAL,1886,39,0,6,1
1,16,22094.0,2.1190450578225954,2.250303004538984,OPTIMAL,1897,0,0,11,2
1,16,22195.0,2.119111595358903,2.250303004538984,OPTIMAL,1914,53,0,9,1
1,16,22265.0,2.119111595358903,2.250303004538984,OPTIMAL,1919,0,0,7,0
1,16,22379.0,2.119379030653274,2.250303004538984,OPTIMAL,1939,55,0,9,0
1,16,22470.0,2.119379030653274,2.250303004538984,OPTIMAL,1951,0,0,10,0
1,16,22571.0,2.1195295763070354,2.250303004538984,OPTIMAL,1967,0,0,9,0
1,16,22658.0,2.1195295763070354,2.250303004538984,OPTIMAL,1974,0,0,11,0
1,16,22773.0,2.119970332623897,2.250303004538984,OPTIMAL,1991,60,0,11,0
1,16,22842.0,2.119970332623897,2.250303004538984,OPTIMAL,2002,0,0,6,1
1,16,22903.0,2.1202219460666383,2.250303004538984,OPTIMAL,2021,39,0,8,0
1,16,23035.0,2.1202219460666383,2.250303004538984,OPTIMAL,2044,0,0,11,1
1,16,23106.0,2.1205646560361693,2.250303004538984,OPTIMAL,2058,0,0,2,1
1,16,23199.0,2.1205646560361693,2.250303004538984,OPTIMAL,2070,0,0,13,0
1,16,23315.0,2.1205678801430587,2.250303004538984,OPTIMAL,2088,60,0,12,0
1,16,23397.0,2.1205678801430587,2.250303004538984,OPTIMAL,2092,0,0,12,0
1,16,23480.0,2.1205678801430587,2.250303004538984,OPTIMAL,2116,58,0,16,1
1,16,23559.0,2.1205678801430587,2.250303004538984,OPTIMAL,2123,0,0,10,0
1,16,23683.0,2.1205910122426905,2.250303004538984,OPTIMAL,2143,59,0,10,0
1,16,23759.0,2.1205910122426905,2.250303004538984,OPTIMAL,2153,0,0,9,2
1,16,23844.0,2.1206923331903673,2.250303004538984,OPTIMAL,2167,0,0,7,0
1,16,23935.0,2.1206923331903673,2.250303004538984,OPTIMAL,2177,0,0,13,0
1,16,24049.0,2.120740961948915,2.250303004538984,OPTIMAL,2195,56,0,13,0
1,16,24110.0,2.120740961948915,2.250303004538984,OPTIMAL,2200,0,0,7,2
1,16,24162.0,2.1207557248761972,2.250303004538984,OPTIMAL,2216,52,0,9,0
1,16,24244.0,2.1207557248761972,2.250303004538984,OPTIMAL,2228,0,0,10,3
1,16,24329.0,2.1213615487999107,2.250303004538984,OPTIMAL,2243,52,0,4,0
1,16,24414.0,2.1213615487999107,2.250303004538984,OPTIMAL,2251,0,0,9,0
1,16,24541.0,2.121544510713856,2.250303004538984,OPTIMAL,2272,57,0,12,0
1,16,24636.0,2.121544510713856,2.250303004538984,OPTIMAL,2284,0,0,13,0
1,16,24727.0,2.1221276862376075,2.250303004538984,OPTIMAL,2299,58,0,5,0
1,16,24787.0,2.1221276862376075,2.250303004538984,OPTIMAL,2304,0,0,1,1
1,16,24885.0,2.1221541824043912,2.250303004538984,OPTIMAL,2321,53,0,2,0
1,16,25009.0,2.1221541824043912,2.250303004538984,OPTIMAL,2342,49,0,11,1
1,16,25080.0,2.122242035748901,2.250303004538984,OPTIMAL,2352,0,0,7,1
1,16,25153.0,2.122242035748901,2.250303004538984,OPTIMAL,2358,0,0,11,3
1,16,25249.0,2.122242035748901,2.250303004538984,OPTIMAL,2376,56,0,4,0
1,16,25310.0,2.122242035748901,2.250303004538984,OPTIMAL,2381,0,0,11,3
1,16,25355.0,2.1222993287336163,2.250303004538984,OPTIMAL,2393,55,0,7,0
1,16,25405.0,2.1222993287336163,2.250303004538984,OPTIMAL,2396,0,0,9,2
1,16,25466.0,2.1223808987096735,2.250303004538984,OPTIMAL,2414,54,0,10,0
1,16,25526.0,2.1223808987096735,2.250303004538984,OPTIMAL,2422,0,0,1,0
1,16,25598.0,2.12322318400342,2.250303004538984,OPTIMAL,2435,54,0,3,1
1,16,25683.0,2.12322318400342,2.250303004538984,OPTIMAL,2444,0,0,12,0
1,16,25769.0,2.123895021494514,2.250303004538984,OPTIMAL,2456,60,0,8,0
1,16,25840.0,2.123895021494514,2.250303004538984,OPTIMAL,2460,0,0,12,0
1,16,25884.0,2.123920801529839,2.250303004538984,OPTIMAL,2473,57,0,6,1
1,16,25946.0,2.123920801529839,2.250303004538984,OPTIMAL,2478,0,0,8,0
1,16,26052.0,2.123920801529839,2.250303004538984,OPTIMAL,2497,55,0,9,0
1,16,26156.0,2.123920801529839,2.250303004538984,OPTIMAL,2512,0,0,12,1
1,16,26248.0,2.1243401626275817,2.250303004538984,OPTIMAL,2527,55,0,8,0
1,16,26345.0,2.1243401626275817,2.250303004538984,OPTIMAL,2534,0,0,12,0
1,16,26472.0,2.1247277604640202,2.250303004538984,OPTIMAL,2554,60,0,13,0
1,16,26541.0,2.1247277604640202,2.250303004538984,OPTIMAL,2563,0,0,4,2
1,16,26607.0,2.1248483977119963,2.250303004538984,OPTIMAL,2583,51,0,10,0
1,16,26710.0,2.1248483977119963,2.250303004538984,OPTIMAL,2600,0,0,11,2
1,16,26780.0,2.125584839399505,2.250303004538984,OPTIMAL,2611,51,0,5,1
1,16,26860.0,2.125584839399505,2.250303004538984,OPTIMAL,2620,0,0,13,1
1,16,26952.0,2.125605770236346,2.250303004538984,OPTIMAL,2635,60,0,6,1
1,16,27049.0,2.125605770236346,2.250303004538984,OPTIMAL,2641,0,0,10,0
1,16,27175.0,2.126049896167214,2.250303004538984,OPTIMAL,2662,60,0,12,0
1,16,27272.0,2.126049896167214,2.250303004538984,OPTIMAL,2666,0,0,11,0
1,16,27389.0,2.1262989943436166,2.250303004538984,OPTIMAL,2685,62,0,10,0
1,16,27477.0,2.1262989943436166,2.250303004538984,OPTIMAL,2691,0,0,12,0
1,16,27549.0,2.12687265297952,2.250303004538984,OPTIMAL,2711,64,0,12,1
1,16,27649.0,2.12687265297952,2.250303004538984,OPTIMAL,2720,0,0,10,0
1,16,27768.0,2.1273031827292224,2.250303004538984,OPTIMAL,2739,58,0,13,0
1,16,27896.0,2.1273031827292224,2.250303004538984,OPTIMAL,2762,48,0,12,0
1,16,27957.0,2.1277694575168864,2.250303004538984,OPTIMAL,2772,0,0,5,3
1,16,28053.0,2.1277694575168864,2.250303004538984,OPTIMAL,2780,0,0,14,0
1,16,28171.0,2.127788455650055,2.250303004538984,OPTIMAL,2799,61,0,11,0
1,16,28272.0,2.127788455650055,2.250303004538984,OPTIMAL,2806,0,0,16,0
1,16,28335.0,2.127827674705613,2.250303004538984,OPTIMAL,2826,61,0,12,0
1,16,28404.0,2.127827674705613,2.250303004538984,OPTIMAL,2832,0,0,13,1
1,16,28446.0,2.1282527322095683,2.250303004538984,OPTIMAL,2843,60,0,6,0
1,16,28504.0,2.1282527322095683,2.250303004538984,OPTIMAL,2846,0,0,9,1
1,16,28564.0,2.1282527322095683,2.250303004538984,OPTIMAL,2862,58,0,9,0
1,16,28646.0,2.1282527322095683,2.250303004538984,OPTIMAL,2874,0,0,13,1
1,16,28727.0,2.1288599057438944,2.250303004538984,OPTIMAL,2888,58,0,7,0
1,16,28807.0,2.1288599057438944,2.250303004538984,OPTIMAL,2890,0,0,14,0
1,16,28868.0,2.1288599057438944,2.250303004538984,OPTIMAL,2909,61,0,10,1
1,16,28955.0,2.1288599057438944,2.250303004538984,OPTIMAL,2917,0,0,12,1
1,16,29064.0,2.129506436691989,2.250303004538984,OPTIMAL,2935,60,0,9,0
1,16,29151.0,2.129506436691989,2.250303004538984,OPTIMAL,2943,0,0,13,2
1,16,29251.0,2.1297535761642443,2.250303004538984,OPTIMAL,2958,60,0,8,0
1,16,29344.0,2.1297535761642443,2.250303004538984,OPTIMAL,2969,0,0,8,0
1,16,29452.0,2.1306617232084673,2.250303004538984,OPTIMAL,2985,59,0,11,0
1,16,29529.0,2.1306617232084673,2.250303004538984,OPTIMAL,2992,0,0,9,2
1,16,29590.0,2.1311822266084324,2.250303004538984,OPTIMAL,3011,60,0,10,0
1,16,29685.0,2.1311822266084324,2.250303004538984,OPTIMAL,3024,0,0,12,1
1,16,29777.0,2.131355936866827,2.250303004538984,OPTIMAL,3036,58,0,7,0
1,16,29879.0,2.131355936866827,2.250303004538984,OPTIMAL,3047,0,0,10,1
1,16,29971.0,2.1318437713247276,2.250303004538984,OPTIMAL,3061,58,0,10,1
1,16,30041.0,2.1318437713247276,2.250303004538984,OPTIMAL,3067,0,0,13,1
1,16,30087.0,2.1318573637947993,2.250303004538984,OPTIMAL,3081,57,0,8,0
1,16,30140.0,2.1318573637947993,2.250303004538984,OPTIMAL,3084,0,0,10,1
1,16,30198.0,2.1318573637947993,2.250303004538984,OPTIMAL,3102,56,0,10,0
1,16,30283.0,2.1318573637947993,2.250303004538984,OPTIMAL,3115,0,0,12,3
1,16,30372.0,2.1323107223554985,2.250303004538984,OPTIMAL,3130,56,0,6,0
1,16,30439.0,2.1323107223554985,2.250303004538984,OPTIMAL,3137,0,0,4,1
1,16,30490.0,2.132446593024797,2.250303004538984,OPTIMAL,3154,55,0,8,0
1,16,30587.0,2.132446593024797,2.250303004538984,OPTIMAL,3171,0,0,11,1
1,16,30659.0,2.1324928454474827,2.250303004538984,OPTIMAL,3182,0,0,8,1
1,16,30747.0,2.1324928454474827,2.250303004538984,OPTIMAL,3195,0,0,11,1
1,16,30820.0,2.1329969709605647,2.250303004538984,OPTIMAL,3206,57,0,8,0
1,16,30882.0,2.1329969709605647,2.250303004538984,OPTIMAL,3217,0,0,5,0
1,16,30936.0,2.133177667779906,2.250303004538984,OPTIMAL,3225,53,0,5,0
1,16,31021.0,2.133177667779906,2.250303004538984,OPTIMAL,3230,0,0,10,0
1,16,31072.0,2.133745093295213,2.250303004538984,OPTIMAL,3246,61,0,11,0
1,16,31164.0,2.133745093295213,2.250303004538984,OPTIMAL,3252,0,0,9,1
1,16,31284.0,2.133745093295213,2.250303004538984,OPTIMAL,3272,60,0,12,0
1,16,31366.0,2.133745093295213,2.250303004538984,OPTIMAL,3279,0,0,11,1
1,16,31433.0,2.1340314295549643,2.250303004538984,OPTIMAL,3300,59,0,15,0
1,16,31479.0,2.1340314295549643,2.250303004538984,OPTIMAL,3305,0,0,8,0
1,16,31507.0,2.1340330319817964,2.250303004538984,OPTIMAL,3313,46,0,5,0
1,16,31585.0,2.1340330319817964,2.250303004538984,OPTIMAL,3328,0,0,4,1
1,16,31640.0,2.1341339903773546,2.250303004538984,OPTIMAL,3339,45,0,4,2
1,16,31725.0,2.1341339903773546,2.250303004538984,OPTIMAL,3350,0,0,7,2
1,16,31819.0,2.1347773854757217,2.250303004538984,OPTIMAL,3366,57,0,9,1
1,16,31898.0,2.1347773854757217,2.250303004538984,OPTIMAL,3374,0,0,12,1
1,16,32004.0,2.1354156883992785,2.250303004538984,OPTIMAL,3393,59,0,10,0
1,16,32091.0,2.1354156883992785,2.250303004538984,OPTIMAL,3402,0,0,11,3
1,16,32191.0,2.1355257094452784,2.250303004538984,OPTIMAL,3419,59,0,9,0
1,16,32280.0,2.1355257094452784,2.250303004538984,OPTIMAL,3432,0,0,12,3
1,16,32362.0,2.1366615765807198,2.250303004538984,OPTIMAL,3446,57,0,7,1
1,16,32432.0,2.1366615765807198,2.250303004538984,OPTIMAL,3454,0,0,8,0
1,16,32490.0,2.136863369940211,2.250303004538984,OPTIMAL,3472,55,0,7,2
1,16,32575.0,2.136863369940211,2.250303004538984,OPTIMAL,3486,0,0,8,0
1,16,32665.0,2.1372398424469914,2.250303004538984,OPTIMAL,3502,54,0,8,1
1,16,32746.0,2.1372398424469914,2.250303004538984,OPTIMAL,3506,0,0,10,0
1,16,32793.0,2.1375072533568567,2.250303004538984,OPTIMAL,3521,62,0,8,1
1,16,32884.0,2.1375072533568567,2.250303004538984,OPTIMAL,3531,0,0,13,0
1,16,33004.0,2.137813510922901,2.250303004538984,OPTIMAL,3550,58,0,8,0
1,16,33081.0,2.137813510922901,2.250303004538984,OPTIMAL,3560,0,0,9,1
1,16,33185.0,2.1380316287575196,2.250303004538984,OPTIMAL,3576,58,0,8,0
1,16,33258.0,2.1380316287575196,2.250303004538984,OPTIMAL,3584,0,0,12,3
1,16,33309.0,2.1383080465016984,2.250303004538984,OPTIMAL,3600,57,0,8,1
1,16,33374.0,2.1383080465016984,2.250303004538984,OPTIMAL,3604,0,0,8,2
1,16,33406.0,2.1383080465016984,2.250303004538984,OPTIMAL,3613,55,0,7,0
1,16,33473.0,2.1383080465016984,2.250303004538984,OPTIMAL,3623,0,0,7,2
1,16,33562.0,2.13846951448173,2.250303004538984,OPTIMAL,3640,56,0,4,1
1,16,33652.0,2.13846951448173,2.250303004538984,OPTIMAL,3650,0,0,10,2
1,16,33757.0,2.1388208770919643,2.250303004538984,OPTIMAL,3668,58,0,9,0
1,16,33817.0,2.1388208770919643,2.250303004538984,OPTIMAL,3675,0,0,7,1
1,16,33881.0,2.1393072623229514,2.250303004538984,OPTIMAL,3687,57,0,5,0
1,16,33963.0,2.1393072623229514,2.250303004538984,OPTIMAL,3700,0,0,5,0
1,16,34043.0,2.1402683249444086,2.250303004538984,OPTIMAL,3714,54,0,5,0
1,16,34136.0,2.1402683249444086,2.250303004538984,OPTIMAL,3725,0,0,11,1
1,16,34229.0,2.140842188872161,2.250303004538984,OPTIMAL,3740,57,0,9,0
1,16,34299.0,2.140842188872161,2.250303004538984,OPTIMAL,3751,0,0,7,3
1,16,34342.0,2.1409881398419945,2.250303004538984,OPTIMAL,3758,54,0,4,0
1,16,34442.0,2.1409881398419945,2.250303004538984,OPTIMAL,3771,0,0,13,2
1,16,34538.0,2.1412451664587544,2.250303004538984,OPTIMAL,3784,58,0,9,2
1,16,34617.0,2.1412451664587544,2.250303004538984,OPTIMAL,3797,0,0,5,1
1,16,34689.0,2.141562913766574,2.250303004538984,OPTIMAL,3810,55,0,6,2
1,16,34764.0,2.141562913766574,2.250303004538984,OPTIMAL,3822,0,0,9,3
1,16,34818.0,2.1421939287240086,2.250303004538984,OPTIMAL,3831,56,0,5,1
1,16,34892.0,2.1421939287240086,2.250303004538984,OPTIMAL,3839,0,0,11,2
1,16,34938.0,2.1428160789719506,2.250303004538984,OPTIMAL,3853,58,0,9,3
1,16,35006.0,2.1428160789719506,2.250303004538984,OPTIMAL,3857,0,0,9,1
1,16,35035.0,2.143082508837451,2.250303004538984,OPTIMAL,3866,57,0,5,0
1,16,35117.0,2.143082508837451,2.250303004538984,OPTIMAL,3878,0,0,11,2
1,16,35202.0,2.143694789268202,2.250303004538984,OPTIMAL,3893,56,0,9,1
1,16,35280.0,2.143694789268202,2.250303004538984,OPTIMAL,3899,0,0,11,1
1,16,35338.0,2.143817909042985,2.250303004538984,OPTIMAL,3917,57,0,11,0
1,16,35415.0,2.143817909042985,2.250303004538984,OPTIMAL,3926,0,0,11,2
1,16,35438.0,2.1438855025097183,2.250303004538984,OPTIMAL,3933,50,0,4,0
1,16,35506.0,2.1438855025097183,2.250303004538984,OPTIMAL,3943,0,0,1,0
1,16,35535.0,2.144073015286618,2.250303004538984,OPTIMAL,3951,49,0,5,0
1,16,35615.0,2.144073015286618,2.250303004538984,OPTIMAL,3962,0,0,13,1
1,16,35717.0,2.1443610140737333,2.250303004538984,OPTIMAL,3979,57,0,9,0
1,16,35862.0,2.1443610140737333,2.250303004538984,OPTIMAL,4007,43,0,15,0
1,16,35924.0,2.1450389412135475,2.250303004538984,OPTIMAL,4016,0,0,6,4
1,16,36011.0,2.1450389412135475,2.250303004538984,OPTIMAL,4020,0,0,11,0
1,16,36051.0,2.1450389412135475,2.250303004538984,OPTIMAL,4033,63,0,7,0
1,16,36141.0,2.1450389412135475,2.250303004538984,OPTIMAL,4040,0,0,10,0
1,16,36188.0,2.14546599717258,2.250303004538984,OPTIMAL,4054,64,0,8,0
1,16,36245.0,2.14546599717258,2.250303004538984,OPTIMAL,4060,0,0,9,1
1,16,36277.0,2.1455765145052177,2.250303004538984,OPTIMAL,4069,55,0,5,0
1,16,36371.0,2.1455765145052177,2.250303004538984,OPTIMAL,4084,0,0,12,2
1,16,36443.0,2.14600961958105,2.250303004538984,OPTIMAL,4096,55,0,6,2
1,16,36542.0,2.14600961958105,2.250303004538984,OPTIMAL,4106,0,0,12,0
1,16,36662.0,2.146781345756215,2.250303004538984,OPTIMAL,4122,59,0,10,0
1,16,36742.0,2.146781345756215,2.250303004538984,OPTIMAL,4133,0,0,13,1
1,16,36823.0,2.1478047731717496,2.250303004538984,OPTIMAL,4145,55,0,9,1
1,16,36906.0,2.1478047731717496,2.250303004538984,OPTIMAL,4159,50,0,9,0
1,16,36950.0,2.1482603651913292,2.250303004538984,OPTIMAL,4167,53,0,4,2
1,16,37033.0,2.1482603651913292,2.250303004538984,OPTIMAL,4175,0,0,12,1
1,16,37097.0,2.148603487826053,2.250303004538984,OPTIMAL,4196,54,0,13,1
1,16,37173.0,2.148603487826053,2.250303004538984,OPTIMAL,4204,0,0,10,1
1,16,37209.0,2.148733463093296,2.250303004538984,OPTIMAL,4215,54,0,8,0
1,16,37311.0,2.148733463093296,2.250303004538984,OPTIMAL,4230,0,0,13,3
1,16,37420.0,2.148808362407517,2.250303004538984,OPTIMAL,4248,54,0,10,1
1,16,37485.0,2.148808362407517,2.250303004538984,OPTIMAL,4252,0,0,12,2
1,16,37527.0,2.149118689825193,2.250303004538984,OPTIMAL,4262,57,0,6,0
1,16,37590.0,2.149118689825193,2.250303004538984,OPTIMAL,4266,0,0,10,3
1,16,37627.0,2.149118689825193,2.250303004538984,OPTIMAL,4278,56,0,7,0
1,16,37693.0,2.149118689825193,2.250303004538984,OPTIMAL,4284,0,0,9,2
1,16,37732.0,2.14920331955095,2.250303004538984,OPTIMAL,4296,55,0,7,0
1,16,37790.0,2.14920331955095,2.250303004538984,OPTIMAL,4303,0,0,5,1
1,16,37878.0,2.1497056337659264,2.250303004538984,OPTIMAL,4319,55,0,5,0
1,16,37966.0,2.1497056337659264,2.250303004538984,OPTIMAL,4327,0,0,12,0
1,16,38012.0,2.1500321166528584,2.250303004538984,OPTIMAL,4341,59,0,9,0
1,16,38137.0,2.1500321166528584,2.250303004538984,OPTIMAL,4361,40,0,12,3
1,16,38212.0,2.150258725158213,2.250303004538984,OPTIMAL,4374,46,0,5,0
1,16,38291.0,2.150258725158213,2.250303004538984,OPTIMAL,4381,0,0,12,0
1,16,38332.0,2.150468310235401,2.250303004538984,OPTIMAL,4393,62,0,8,0
1,16,38417.0,2.150468310235401,2.250303004538984,OPTIMAL,4404,0,0,9,0
1,16,38469.0,2.151140233262561,2.250303004538984,OPTIMAL,4420,61,0,10,0
1,16,38526.0,2.151140233262561,2.250303004538984,OPTIMAL,4425,0,0,8,0
1,16,38559.0,2.151140233262561,2.250303004538984,OPTIMAL,4434,56,0,6,0
1,16,38640.0,2.151140233262561,2.250303004538984,OPTIMAL,4445,0,0,10,1
1,16,38725.0,2.1517457360047736,2.250303004538984,OPTIMAL,4458,55,0,5,2
1,16,38827.0,2.1517457360047736,2.250303004538984,OPTIMAL,4474,49,0,12,2
1,16,38922.0,2.152244094922394,2.250303004538984,OPTIMAL,4489,0,0,7,2
1,16,39005.0,2.152244094922394,2.250303004538984,OPTIMAL,4499,0,0,11,5
1,16,39112.0,2.1531142871804905,2.250303004538984,OPTIMAL,4518,57,0,10,1
1,16,39207.0,2.1531142871804905,2.250303004538984,OPTIMAL,4532,0,0,12,2
1,16,39294.0,2.1532903003066948,2.250303004538984,OPTIMAL,4545,59,0,10,4
1,16,39359.0,2.1532903003066948,2.250303004538984,OPTIMAL,4549,0,0,9,0
1,16,39385.0,2.1532903003066948,2.250303004538984,OPTIMAL,4557,54,0,4,0
1,16,39451.0,2.1532903003066948,2.250303004538984,OPTIMAL,4567,0,0,5,1
1,16,39536.0,2.154275978683393,2.250303004538984,OPTIMAL,4583,54,0,5,1
1,16,39634.0,2.154275978683393,2.250303004538984,OPTIMAL,4600,0,0,10,2
1,16,39712.0,2.154360397702401,2.250303004538984,OPTIMAL,4614,55,0,4,1
1,16,39802.0,2.154360397702401,2.250303004538984,OPTIMAL,4624,0,0,15,3
1,16,39845.0,2.154578034562406,2.250303004538984,OPTIMAL,4637,53,0,7,0
1,16,39911.0,2.154578034562406,2.250303004538984,OPTIMAL,4642,0,0,11,2
1,16,39946.0,2.154675277703701,2.250303004538984,OPTIMAL,4653,52,0,6,0
1,16,40047.0,2.154675277703701,2.250303004538984,OPTIMAL,4668,0,0,14,4
1,16,40139.0,2.1560451674901544,2.250303004538984,OPTIMAL,4684,51,0,10,1
1,16,40203.0,2.1560451674901544,2.250303004538984,OPTIMAL,4689,0,0,9,2
1,16,40229.0,2.1561781488992766,2.250303004538984,OPTIMAL,4696,57,0,5,0
1,16,40310.0,2.1561781488992766,2.250303004538984,OPTIMAL,4712,37,0,2,0
1,16,40351.0,2.1561974913140576,2.250303004538984,OPTIMAL,4720,39,0,3,1
1,16,40417.0,2.1561974913140576,2.250303004538984,OPTIMAL,4727,0,0,6,2
1,16,40447.0,2.1563852079993087,2.250303004538984,OPTIMAL,4736,55,0,5,0
1,16,40540.0,2.1563852079993087,2.250303004538984,OPTIMAL,4750,0,0,11,3
1,16,40622.0,2.1567873718321002,2.250303004538984,OPTIMAL,4766,54,0,6,0
1,16,40730.0,2.1567873718321002,2.250303004538984,OPTIMAL,4784,31,0,14,2
1,16,40833.0,2.156808407495687,2.250303004538984,OPTIMAL,4803,0,0,9,2
1,16,40926.0,2.156808407495687,2.250303004538984,OPTIMAL,4813,0,0,14,0
1,16,40963.0,2.1570516275996203,2.250303004538984,OPTIMAL,4824,59,0,6,0
1,16,41045.0,2.1570516275996203,2.250303004538984,OPTIMAL,4834,0,0,13,2
1,16,41089.0,2.1570988159644946,2.250303004538984,OPTIMAL,4847,58,0,7,0
1,16,41167.0,2.1570988159644946,2.250303004538984,OPTIMAL,4857,0,0,9,4
1,16,41210.0,2.1571679225630627,2.250303004538984,OPTIMAL,4870,56,0,8,1
1,16,41300.0,2.1571679225630627,2.250303004538984,OPTIMAL,4885,44,0,9,2
1,16,41345.0,2.1572861861005164,2.250303004538984,OPTIMAL,4893,49,0,4,1
1,16,41443.0,2.1572861861005164,2.250303004538984,OPTIMAL,4909,0,0,10,2
1,16,41504.0,2.1574619549797687,2.250303004538984,OPTIMAL,4919,55,0,2,1
1,16,41563.0,2.1574619549797687,2.250303004538984,OPTIMAL,4922,0,0,7,4
1,16,41599.0,2.157579471722858,2.250303004538984,OPTIMAL,4932,57,0,7,0
1,16,41689.0,2.157579471722858,2.250303004538984,OPTIMAL,4947,0,0,10,5
1,16,41784.0,2.15813082335069,2.250303004538984,OPTIMAL,4964,55,0,5,1
1,16,41857.0,2.15813082335069,2.250303004538984,OPTIMAL,4975,0,0,5,4
1,16,41916.0,2.158233936465084,2.250303004538984,OPTIMAL,4986,53,0,5,0
1,16,41993.0,2.158233936465084,2.250303004538984,OPTIMAL,4997,0,0,10,5
1,16,42039.0,2.158376038083964,2.250303004538984,OPTIMAL,5010,56,0,8,3
1,16,42092.0,2.158376038083964,2.250303004538984,OPTIMAL,5017,0,0,6,0
1,16,42140.0,2.158407831963629,2.250303004538984,OPTIMAL,5030,54,0,7,0
1,16,42258.0,2.158407831963629,2.250303004538984,OPTIMAL,5054,37,0,15,1
1,16,42304.0,2.159129287510022,2.250303004538984,OPTIMAL,5061,45,0,3,0
1,16,42365.0,2.159129287510022,2.250303004538984,OPTIMAL,5066,0,0,11,1
1,16,42399.0,2.159206961912517,2.250303004538984,OPTIMAL,5074,59,0,5,0
1,16,42461.0,2.159206961912517,2.250303004538984,OPTIMAL,5081,0,0,6,2
1,16,42502.0,2.1595969951652902,2.250303004538984,OPTIMAL,5092,56,0,7,0
1,16,42559.0,2.1595969951652902,2.250303004538984,OPTIMAL,5095,0,0,8,1
1,16,42587.0,2.1595969951652902,2.250303004538984,OPTIMAL,5103,60,0,4,0
1,16,42666.0,2.1595969951652902,2.250303004538984,OPTIMAL,5114,0,0,8,0
1,16,42756.0,2.1603099570690567,2.250303004538984,OPTIMAL,5128,58,0,7,2
1,16,42819.0,2.1603099570690567,2.250303004538984,OPTIMAL,5133,0,0,10,3
1,16,42852.0,2.1603099570690567,2.250303004538984,OPTIMAL,5142,53,0,5,0
1,16,42916.0,2.1603099570690567,2.250303004538984,OPTIMAL,5150,0,0,10,2
1,16,42948.0,2.160356932231232,2.250303004538984,OPTIMAL,5159,52,0,5,0
1,16,43038.0,2.160356932231232,2.250303004538984,OPTIMAL,5173,0,0,7,4
1,16,43121.0,2.160521989378942,2.250303004538984,OPTIMAL,5190,52,0,3,1
1,16,43205.0,2.160521989378942,2.250303004538984,OPTIMAL,5201,0,0,12,6
1,16,43246.0,2.1612321740414133,2.250303004538984,OPTIMAL,5213,56,0,7,1
1,16,43313.0,2.1612321740414133,2.250303004538984,OPTIMAL,5224,0,0,8,0
1,16,43369.0,2.161329505390072,2.250303004538984,OPTIMAL,5234,54,0,5,0
1,16,43509.0,2.161329505390072,2.250303004538984,OPTIMAL,5256,46,0,15,0
1,16,43572.0,2.161680263930073,2.250303004538984,OPTIMAL,5266,0,0,3,0
1,16,43676.0,2.161680263930073,2.250303004538984,OPTIMAL,5283,50,0,10,2
1,16,43746.0,2.1623025441714057,2.250303004538984,OPTIMAL,5294,54,0,3,0
1,16,43828.0,2.1623025441714057,2.250303004538984,OPTIMAL,5306,0,0,8,2
1,16,43888.0,2.1628588769219914,2.250303004538984,OPTIMAL,5316,54,0,7,1
1,16,43972.0,2.1628588769219914,2.250303004538984,OPTIMAL,5328,0,0,11,1
1,16,44013.0,2.163750774845835,2.250303004538984,OPTIMAL,5340,58,0,8,2
1,16,44069.0,2.163750774845835,2.250303004538984,OPTIMAL,5345,0,0,6,3
1,16,44105.0,2.16382571236592,2.250303004538984,OPTIMAL,5356,54,0,6,0
1,16,44199.0,2.16382571236592,2.250303004538984,OPTIMAL,5369,0,0,11,3
1,16,44264.0,2.1643820872597472,2.250303004538984,OPTIMAL,5380,54,0,6,1
1,16,44323.0,2.1643820872597472,2.250303004538984,OPTIMAL,5387,0,0,8,3
1,16,44352.0,2.164799771726055,2.250303004538984,OPTIMAL,5394,57,0,4,0
1,16,44430.0,2.164799771726055,2.250303004538984,OPTIMAL,5405,0,0,7,6
1,16,44490.0,2.1651029247606837,2.250303004538984,OPTIMAL,5416,55,0,4,0
1,16,44551.0,2.1651029247606837,2.250303004538984,OPTIMAL,5425,0,0,8,3
1,16,44589.0,2.165131036182322,2.250303004538984,OPTIMAL,5435,53,0,5,2
1,16,44693.0,2.165131036182322,2.250303004538984,OPTIMAL,5452,46,0,11,5
1,16,44737.0,2.1655226567040344,2.250303004538984,OPTIMAL,5461,53,0,3,0
1,16,44806.0,2.1655226567040344,2.250303004538984,OPTIMAL,5473,51,0,3,4
1,16,44866.0,2.1658288545674496,2.250303004538984,OPTIMAL,5484,52,0,5,0
1,16,44907.0,2.1658288545674496,2.250303004538984,OPTIMAL,5490,0,0,4,1
1,16,44927.0,2.1662776787224125,2.250303004538984,OPTIMAL,5492,51,0,1,0
1,16,44988.0,2.1662776787224125,2.250303004538984,OPTIMAL,5497,0,0,11,1
1,16,45016.0,2.1663208470661086,2.250303004538984,OPTIMAL,5505,58,0,4,0
1,16,45080.0,2.1663208470661086,2.250303004538984,OPTIMAL,5511,0,0,7,1
1,16,45111.0,2.1665025183070665,2.250303004538984,OPTIMAL,5519,56,0,4,0
1,16,45195.0,2.1665025183070665,2.250303004538984,OPTIMAL,5531,0,0,9,3
1,16,45235.0,2.1671278801115963,2.250303004538984,OPTIMAL,5543,56,0,8,0
1,16,45289.0,2.1671278801115963,2.250303004538984,OPTIMAL,5547,0,0,9,2
1,16,45317.0,2.1671278801115963,2.250303004538984,OPTIMAL,5555,54,0,4,0
1,16,45377.0,2.1671278801115963,2.250303004538984,OPTIMAL,5562,0,0,8,2
1,16,45408.0,2.1671387837026,2.250303004538984,OPTIMAL,5571,53,0,5,0
1,16,45464.0,2.1671387837026,2.250303004538984,OPTIMAL,5578,0,0,7,1
1,16,45486.0,2.1674595048316108,2.250303004538984,OPTIMAL,5584,52,0,4,0
1,16,45578.0,2.1674595048316108,2.250303004538984,OPTIMAL,5599,48,0,7,1
1,16,45657.0,2.1678395652120246,2.250303004538984,OPTIMAL,5612,52,0,4,1
1,16,45725.0,2.1678395652120246,2.250303004538984,OPTIMAL,5619,0,0,10,2
1,16,45760.0,2.1678845563450424,2.250303004538984,OPTIMAL,5628,54,0,5,0
1,16,45819.0,2.1678845563450424,2.250303004538984,OPTIMAL,5636,0,0,7,2
1,16,45847.0,2.1681003948760846,2.250303004538984,OPTIMAL,5644,53,0,4,0
1,16,45940.0,2.1681003948760846,2.250303004538984,OPTIMAL,5658,0,0,12,2
1,16,45961.0,2.1693419257054565,2.250303004538984,OPTIMAL,5664,52,0,5,0
1,16,46017.0,2.1693419257054565,2.250303004538984,OPTIMAL,5668,0,0,5,2
1,16,46048.0,2.1693676319170345,2.250303004538984,OPTIMAL,5677,55,0,6,0
1,16,46164.0,2.1693676319170345,2.250303004538984,OPTIMAL,5693,52,0,11,2
1,16,46249.0,2.1699115046807105,2.250303004538984,OPTIMAL,5709,55,0,6,4
1,16,46336.0,2.1699115046807105,2.250303004538984,OPTIMAL,5717,0,0,13,0
1,16,46367.0,2.1699752901186393,2.250303004538984,OPTIMAL,5726,60,0,5,0
1,16,46431.0,2.1699752901186393,2.250303004538984,OPTIMAL,5733,0,0,12,2
1,16,46453.0,2.1700209767164997,2.250303004538984,OPTIMAL,5739,55,0,3,0
1,16,46505.0,2.1700209767164997,2.250303004538984,OPTIMAL,5742,0,0,10,2
1,16,46533.0,2.1700209767164997,2.250303004538984,OPTIMAL,5750,53,0,4,0
1,16,46594.0,2.1700209767164997,2.250303004538984,OPTIMAL,5757,0,0,5,2
1,16,46618.0,2.1702194032465347,2.250303004538984,OPTIMAL,5764,52,0,4,0
1,16,46707.0,2.1702194032465347,2.250303004538984,OPTIMAL,5780,49,0,9,2
1,16,46766.0,2.1702984982576616,2.250303004538984,OPTIMAL,5789,52,0,3,0
1,16,46874.0,2.1702984982576616,2.250303004538984,OPTIMAL,5809,49,0,12,0
1,16,46915.0,2.1703170730708705,2.250303004538984,OPTIMAL,5815,54,0,4,0
1,16,47006.0,2.1703170730708705,2.250303004538984,OPTIMAL,5824,0,0,13,0
1,16,47037.0,2.1704567089376035,2.250303004538984,OPTIMAL,5833,59,0,6,0
1,16,47077.0,2.1704567089376035,2.250303004538984,OPTIMAL,5837,0,0,5,0
1,16,47106.0,2.17047819304194,2.250303004538984,OPTIMAL,5844,55,0,4,0
1,16,47199.0,2.17047819304194,2.250303004538984,OPTIMAL,5862,49,0,10,1
1,16,47250.0,2.1709207936700086,2.250303004538984,OPTIMAL,5871,53,0,4,0
1,16,47330.0,2.1709207936700086,2.250303004538984,OPTIMAL,5880,0,0,12,0
1,16,47369.0,2.1710746042312987,2.250303004538984,OPTIMAL,5891,58,0,7,1
1,16,47430.0,2.1710746042312987,2.250303004538984,OPTIMAL,5894,0,0,10,2
1,16,47456.0,2.1710824461503204,2.250303004538984,OPTIMAL,5902,50,0,4,0
1,16,47525.0,2.1710824461503204,2.250303004538984,OPTIMAL,5910,0,0,8,3
1,16,47550.0,2.1711316953410105,2.250303004538984,OPTIMAL,5917,50,0,4,1
1,16,47613.0,2.1711316953410105,2.250303004538984,OPTIMAL,5926,0,0,9,3
1,16,47635.0,2.1713021949483187,2.250303004538984,OPTIMAL,5932,48,0,4,0
1,16,47691.0,2.1713021949483187,2.250303004538984,OPTIMAL,5939,0,0,7,3
1,16,47715.0,2.1713090957631236,2.250303004538984,OPTIMAL,5945,48,0,3,0
1,16,47778.0,2.1713090957631236,2.250303004538984,OPTIMAL,5955,0,0,8,3
1,16,47800.0,2.1713837644742684,2.250303004538984,OPTIMAL,5961,47,0,5,0
1,16,47871.0,2.1713837644742684,2.250303004538984,OPTIMAL,5968,0,0,7,0
1,16,47902.0,2.171486443469568,2.250303004538984,OPTIMAL,5977,57,0,6,1
1,16,47950.0,2.171486443469568,2.250303004538984,OPTIMAL,5981,0,0,5,1
1,16,47973.0,2.171486443469568,2.250303004538984,OPTIMAL,5987,46,0,3,0
1,16,48083.0,2.171486443469568,2.250303004538984,OPTIMAL,6008,40,0,13,1
1,16,48141.0,2.171937801155869,2.250303004538984,OPTIMAL,6019,46,0,4,2
1,16,48259.0,2.171937801155869,2.250303004538984,OPTIMAL,6036,46,0,13,3
1,16,48332.0,2.1720904450693324,2.250303004538984,OPTIMAL,6050,52,0,6,0
1,16,48429.0,2.1720904450693324,2.250303004538984,OPTIMAL,6063,55,0,11,1
1,16,48514.0,2.1724977168142665,2.250303004538984,OPTIMAL,6077,56,0,3,1
1,16,48571.0,2.1724977168142665,2.250303004538984,OPTIMAL,6081,0,0,10,3
1,16,48598.0,2.1725256614105537,2.250303004538984,OPTIMAL,6089,55,0,4,0
1,16,48695.0,2.1725256614105537,2.250303004538984,OPTIMAL,6104,52,0,10,2
1,16,48796.0,2.1726039792581164,2.250303004538984,OPTIMAL,6122,53,0,10,1
1,16,48865.0,2.1726039792581164,2.250303004538984,OPTIMAL,6129,0,0,4,2
1,16,48895.0,2.1726348301213023,2.250303004538984,OPTIMAL,6138,54,0,5,0
1,16,48986.0,2.1726348301213023,2.250303004538984,OPTIMAL,6154,50,0,11,2
1,16,49052.0,2.172989809659711,2.250303004538984,OPTIMAL,6166,54,0,5,2
1,16,49110.0,2.172989809659711,2.250303004538984,OPTIMAL,6172,0,0,10,3
1,16,49131.0,2.173032048543916,2.250303004538984,OPTIMAL,6178,54,0,3,0
1,16,49186.0,2.173032048543916,2.250303004538984,OPTIMAL,6185,0,0,3,2
1,16,49214.0,2.1730511464514652,2.250303004538984,OPTIMAL,6193,52,0,4,0
1,16,49277.0,2.1730511464514652,2.250303004538984,OPTIMAL,6202,0,0,10,6
1,16,49303.0,2.173053029936636,2.250303004538984,OPTIMAL,6208,56,0,3,2
1,16,49359.0,2.173053029936636,2.250303004538984,OPTIMAL,6212,0,0,8,6
1,16,49389.0,2.173053029936636,2.250303004538984,OPTIMAL,6220,55,0,3,1
1,16,49439.0,2.173053029936636,2.250303004538984,OPTIMAL,6226,0,0,7,6
1,16,49467.0,2.173065924941274,2.250303004538984,OPTIMAL,6233,52,0,5,0
1,16,49513.0,2.173065924941274,2.250303004538984,OPTIMAL,6239,0,0,6,5
1,16,49541.0,2.1730730089585837,2.250303004538984,OPTIMAL,6246,52,0,4,1
1,16,49623.0,2.1730730089585837,2.250303004538984,OPTIMAL,6261,46,0,8,2
1,16,49651.0,2.1730774236234898,2.250303004538984,OPTIMAL,6268,51,0,4,1
1,16,49726.0,2.1730774236234898,2.250303004538984,OPTIMAL,6282,0,0,8,2
1,16,49753.0,2.174000621097669,2.250303004538984,OPTIMAL,6290,52,0,7,2
1,16,49819.0,2.174000621097669,2.250303004538984,OPTIMAL,6299,0,0,9,2
1,16,49845.0,2.1740019459575213,2.250303004538984,OPTIMAL,6306,38,0,4,0
1,16,49903.0,2.1740019459575213,2.250303004538984,OPTIMAL,6315,0,0,8,2
1,16,49928.0,2.1740121211952794,2.250303004538984,OPTIMAL,6322,37,0,4,0
1,16,49985.0,2.1740121211952794,2.250303004538984,OPTIMAL,6332,0,0,6,2
1,16,50010.0,2.1741225827069557,2.250303004538984,OPTIMAL,6339,36,0,4,0
1,16,50064.0,2.1741225827069557,2.250303004538984,OPTIMAL,6350,0,0,4,2
1,16,50088.0,2.1742851601380373,2.250303004538984,OPTIMAL,6357,35,0,4,1
1,16,50140.0,2.1742851601380373,2.250303004538984,OPTIMAL,6368,0,0,4,2
1,16,50157.0,2.174771480927036,2.250303004538984,OPTIMAL,6372,34,0,4,0
1,16,50206.0,2.174771480927036,2.250303004538984,OPTIMAL,6382,0,0,4,2
1,16,50235.0,2.1747774510432323,2.250303004538984,OPTIMAL,6389,33,0,4,0
1,16,50271.0,2.1747774510432323,2.250303004538984,OPTIMAL,6394,0,0,1,2
1,16,50295.0,2.1747774510432323,2.250303004538984,OPTIMAL,6401,32,0,4,0
1,16,50404.0,2.1747774510432323,2.250303004538984,OPTIMAL,6426,25,0,10,1
1,16,50444.0,2.176076360350529,2.250303004538984,OPTIMAL,6435,32,0,2,0
1,16,50503.0,2.176076360350529,2.250303004538984,OPTIMAL,6440,0,0,7,2
1,16,50528.0,2.176076360350529,2.250303004538984,OPTIMAL,6446,65,0,4,1
1,16,50594.0,2.176076360350529,2.250303004538984,OPTIMAL,6454,0,0,10,1
1,16,50627.0,2.176444088953562,2.250303004538984,OPTIMAL,6461,62,0,6,1
1,16,50710.0,2.176444088953562,2.250303004538984,OPTIMAL,6471,0,0,11,5
1,16,50746.0,2.176552065871162,2.250303004538984,OPTIMAL,6482,51,0,5,1
1,16,50783.0,2.176552065871162,2.250303004538984,OPTIMAL,6489,46,0,3,1
1,16,50792.0,2.176600336922024,2.250303004538984,OPTIMAL,6491,50,0,1,0
1,16,50862.0,2.176600336922024,2.250303004538984,OPTIMAL,6500,0,0,12,1
1,16,50891.0,2.176610999318023,2.250303004538984,OPTIMAL,6509,53,0,5,0
1,16,50965.0,2.176610999318023,2.250303004538984,OPTIMAL,6517,0,0,10,3
1,16,50985.0,2.176728410601476,2.250303004538984,OPTIMAL,6522,50,0,6,0
1,16,51045.0,2.176728410601476,2.250303004538984,OPTIMAL,6530,53,0,6,2
1,16,51081.0,2.176828882905175,2.250303004538984,OPTIMAL,6540,54,0,7,0
1,16,51158.0,2.176828882905175,2.250303004538984,OPTIMAL,6550,0,0,11,1
1,16,51183.0,2.1770220185945135,2.250303004538984,OPTIMAL,6557,52,0,4,0
1,16,51240.0,2.1770220185945135,2.250303004538984,OPTIMAL,6560,0,0,7,1
1,16,51264.0,2.1770765731043618,2.250303004538984,OPTIMAL,6566,64,0,3,1
1,16,51305.0,2.1770765731043618,2.250303004538984,OPTIMAL,6570,0,0,4,1
1,16,51326.0,2.1770765731043618,2.250303004538984,OPTIMAL,6576,51,0,3,0
1,16,51423.0,2.1770765731043618,2.250303004538984,OPTIMAL,6596,47,0,8,0
1,16,51497.0,2.177206308683287,2.250303004538984,OPTIMAL,6610,51,0,4,1
1,16,51550.0,2.177206308683287,2.250303004538984,OPTIMAL,6617,0,0,5,2
1,16,51575.0,2.177247660340729,2.250303004538984,OPTIMAL,6623,62,0,4,1
1,16,51630.0,2.177247660340729,2.250303004538984,OPTIMAL,6629,56,0,6,0
1,16,51683.0,2.1773389550336475,2.250303004538984,OPTIMAL,6631,63,0,1,0
1,16,51772.0,2.1773389550336475,2.250303004538984,OPTIMAL,6644,47,0,14,3
1,16,51806.0,2.177433106053628,2.250303004538984,OPTIMAL,6654,50,0,8,2
1,16,51867.0,2.177433106053628,2.250303004538984,OPTIMAL,6662,55,0,6,1
1,16,51895.0,2.177435090028488,2.250303004538984,OPTIMAL,6668,59,0,4,0
1,16,51973.0,2.177435090028488,2.250303004538984,OPTIMAL,6681,56,0,10,3
1,16,52010.0,2.177562187589314,2.250303004538984,OPTIMAL,6690,59,0,6,0
1,16,52094.0,2.177562187589314,2.250303004538984,OPTIMAL,6700,50,0,11,1
1,16,52152.0,2.178339299609774,2.250303004538984,OPTIMAL,6707,51,0,5,0
1,16,52213.0,2.178339299609774,2.250303004538984,OPTIMAL,6714,0,0,10,0
1,16,52236.0,2.178346233625165,2.250303004538984,OPTIMAL,6722,0,0,4,0
1,16,52300.0,2.178346233625165,2.250303004538984,OPTIMAL,6735,0,0,6,1
1,16,52374.0,2.1786523159746074,2.250303004538984,OPTIMAL,6752,0,0,7,1
1,16,52441.0,2.1786523159746074,2.250303004538984,OPTIMAL,6760,0,0,9,2
1,16,52460.0,2.178673526699739,2.250303004538984,OPTIMAL,6766,3,0,4,1
1,16,52513.0,2.178673526699739,2.250303004538984,OPTIMAL,6775,0,0,6,0
1,16,52533.0,2.178728391866134,2.250303004538984,OPTIMAL,6782,3,0,4,0
1,16,52601.0,2.178728391866134,2.250303004538984,OPTIMAL,6794,0,0,6,1
1,16,52623.0,2.178762137966482,2.250303004538984,OPTIMAL,6802,2,0,4,2
1,16,52687.0,2.178762137966482,2.250303004538984,OPTIMAL,6812,0,0,11,2
1,16,52706.0,2.1788943450702853,2.250303004538984,OPTIMAL,6818,1,0,4,0
1,16,52760.0,2.1788943450702853,2.250303004538984,OPTIMAL,6826,0,0,6,3
1,16,52783.0,2.1789735334039273,2.250303004538984,OPTIMAL,6834,0,0,4,0
1,16,52839.0,2.1789735334039273,2.250303004538984,OPTIMAL,6841,0,0,1,0
1,16,52855.0,2.17939555646202,2.250303004538984,OPTIMAL,6845,1,0,5,0
1,16,52876.0,2.17939555646202,2.250303004538984,OPTIMAL,6853,0,0,4,0
1,16,52923.0,2.1809048633102517,2.250303004538984,OPTIMAL,6862,0,0,4,1
1,16,52995.0,2.1809048633102517,2.250303004538984,OPTIMAL,6874,0,0,9,1
1,16,53022.0,2.1810269163062332,2.250303004538984,OPTIMAL,6883,0,0,7,0
1,16,53084.0,2.1810269163062332,2.250303004538984,OPTIMAL,6897,0,0,6,2
1,16,53121.0,2.1810905341789995,2.250303004538984,OPTIMAL,6903,1,0,4,1
1,16,53193.0,2.1810905341789995,2.250303004538984,OPTIMAL,6911,0,0,14,3
1,16,53216.0,2.1810905341789995,2.250303004538984,OPTIMAL,6919,2,0,4,0
1,16,53280.0,2.1810905341789995,2.250303004538984,OPTIMAL,6928,0,0,12,3
1,16,53305.0,2.181113767386767,2.250303004538984,OPTIMAL,6936,0,0,5,0
1,16,53364.0,2.181113767386767,2.250303004538984,OPTIMAL,6944,0,0,7,3
1,16,53386.0,2.181168916317618,2.250303004538984,OPTIMAL,6951,0,0,6,0
1,16,53451.0,2.181168916317618,2.250303004538984,OPTIMAL,6956,0,0,3,2
1,16,53473.0,2.181168916317618,2.250303004538984,OPTIMAL,6963,3,0,4,0
1,16,53516.0,2.181168916317618,2.250303004538984,OPTIMAL,6980,0,0,11,2
1,16,53580.0,2.1812120948290112,2.250303004538984,OPTIMAL,6990,1,0,8,0
1,16,53647.0,2.1812120948290112,2.250303004538984,OPTIMAL,7002,0,0,4,2
1,16,53718.0,2.1812222615402455,2.250303004538984,OPTIMAL,7017,0,0,5,1
1,16,53780.0,2.1812222615402455,2.250303004538984,OPTIMAL,7027,0,0,5,1
1,16,53796.0,2.1815680107435993,2.250303004538984,OPTIMAL,7032,1,0,6,0
1,16,53856.0,2.1815680107435993,2.250303004538984,OPTIMAL,7042,0,0,3,1
1,16,53902.0,2.1824355840228833,2.250303004538984,OPTIMAL,7052,0,0,5,1
1,16,53977.0,2.1824355840228833,2.250303004538984,OPTIMAL,7066,0,0,6,3
1,16,54012.0,2.183439153674544,2.250303004538984,OPTIMAL,7073,4,0,3,2
1,16,54070.0,2.183439153674544,2.250303004538984,OPTIMAL,7078,0,0,11,2
1,16,54090.0,2.1834787966369023,2.250303004538984,OPTIMAL,7085,2,0,4,0
1,16,54147.0,2.1834787966369023,2.250303004538984,OPTIMAL,7092,0,0,11,2
1,16,54170.0,2.183514179718207,2.250303004538984,OPTIMAL,7100,1,0,4,0
1,16,54220.0,2.183514179718207,2.250303004538984,OPTIMAL,7106,0,0,6,2
1,16,54244.0,2.183524560957174,2.250303004538984,OPTIMAL,7114,0,0,4,0
1,16,54298.0,2.183524560957174,2.250303004538984,OPTIMAL,7122,0,0,1,0
1,16,54315.0,2.1837083109462485,2.250303004538984,OPTIMAL,7127,0,0,5,1
1,16,54382.0,2.1837083109462485,2.250303004538984,OPTIMAL,7144,0,0,4,0
1,16,54437.0,2.1837565548983635,2.250303004538984,OPTIMAL,7155,0,0,3,1
1,16,54505.0,2.1837565548983635,2.250303004538984,OPTIMAL,7162,0,0,12,0
1,16,54527.0,2.1838068507000252,2.250303004538984,OPTIMAL,7170,4,0,4,0
1,16,54606.0,2.1838068507000252,2.250303004538984,OPTIMAL,7182,0,0,12,0
1,16,54631.0,2.1839915227022644,2.250303004538984,OPTIMAL,7191,1,0,5,0
1,16,54694.0,2.1839915227022644,2.250303004538984,OPTIMAL,7198,0,0,1,2
1,16,54713.0,2.184031928236309,2.250303004538984,OPTIMAL,7204,2,0,3,0
1,16,54754.0,2.184031928236309,2.250303004538984,OPTIMAL,7220,0,0,9,2
1,16,54804.0,2.1848525458545893,2.250303004538984,OPTIMAL,7230,2,0,3,0
1,16,54836.0,2.1848525458545893,2.250303004538984,OPTIMAL,7236,0,0,3,1
1,16,54843.0,2.184892290738179,2.250303004538984,OPTIMAL,7238,4,0,1,0
1,16,54922.0,2.184892290738179,2.250303004538984,OPTIMAL,7249,0,0,10,0
1,16,54940.0,2.1849307315994846,2.250303004538984,OPTIMAL,7255,1,0,5,2
1,16,55030.0,2.1849307315994846,2.250303004538984,OPTIMAL,7271,0,0,13,5
1,16,55114.0,2.1856240823244213,2.250303004538984,OPTIMAL,7289,3,0,9,0
1,16,55163.0,2.1856240823244213,2.250303004538984,OPTIMAL,7296,0,0,3,2
1,16,55216.0,2.1862703670901737,2.250303004538984,OPTIMAL,7309,0,0,5,0
1,16,55275.0,2.1862703670901737,2.250303004538984,OPTIMAL,7314,0,0,9,2
1,16,55296.0,2.1862703670901737,2.250303004538984,OPTIMAL,7321,2,0,4,0
1,16,55358.0,2.1862703670901737,2.250303004538984,OPTIMAL,7331,0,0,8,2
1,16,55404.0,2.1865588004284824,2.250303004538984,OPTIMAL,7348,0,0,8,0
1,16,55463.0,2.1865588004284824,2.250303004538984,OPTIMAL,7360,0,0,3,1
1,16,55509.0,2.1872621153585845,2.250303004538984,OPTIMAL,7368,0,0,5,1
1,16,55578.0,2.1872621153585845,2.250303004538984,OPTIMAL,7378,0,0,4,1
1,16,55651.0,2.1875975946043154,2.250303004538984,OPTIMAL,7392,0,0,7,0
1,16,55714.0,2.1875975946043154,2.250303004538984,OPTIMAL,7405,0,0,4,1
1,16,55757.0,2.1878761521433123,2.250303004538984,OPTIMAL,7414,0,0,5,1
1,16,55801.0,2.1878761521433123,2.250303004538984,OPTIMAL,7422,0,0,1,1
1,16,55829.0,2.1897179605337227,2.250303004538984,OPTIMAL,7428,0,0,3,2
1,16,55857.0,2.1897179605337227,2.250303004538984,OPTIMAL,7433,0,0,3,2
1,16,55865.0,2.1898765855036384,2.250303004538984,OPTIMAL,7435,4,0,1,0
1,16,55912.0,2.1898765855036384,2.250303004538984,OPTIMAL,7445,0,0,4,0
1,16,55958.0,2.190232277450842,2.250303004538984,OPTIMAL,7454,0,0,4,0
1,16,55995.0,2.190232277450842,2.250303004538984,OPTIMAL,7460,0,0,5,0
1,16,56003.0,2.190603853879346,2.250303004538984,OPTIMAL,7462,6,0,1,0
1,16,56072.0,2.190603853879346,2.250303004538984,OPTIMAL,7467,0,0,13,0
1,16,56094.0,2.190856678342953,2.250303004538984,OPTIMAL,7474,9,0,4,1
1,16,56153.0,2.190856678342953,2.250303004538984,OPTIMAL,7479,0,0,6,1
1,16,56171.0,2.1908935489222676,2.250303004538984,OPTIMAL,7485,6,0,3,0
1,16,56208.0,2.1908935489222676,2.250303004538984,OPTIMAL,7489,0,0,7,0
1,16,56217.0,2.1910411872326208,2.250303004538984,OPTIMAL,7491,8,0,1,0
1,16,56281.0,2.1910411872326208,2.250303004538984,OPTIMAL,7502,0,0,5,1
1,16,56300.0,2.1914902596093024,2.250303004538984,OPTIMAL,7508,2,0,6,0
1,16,56326.0,2.1914902596093024,2.250303004538984,OPTIMAL,7514,0,0,2,1
1,16,56334.0,2.1914950356781047,2.250303004538984,OPTIMAL,7516,3,0,1,0
1,16,56400.0,2.1914950356781047,2.250303004538984,OPTIMAL,7531,0,0,3,1
1,16,56431.0,2.191544528137652,2.250303004538984,OPTIMAL,7539,2,0,2,1
1,16,56498.0,2.191544528137652,2.250303004538984,OPTIMAL,7545,0,0,13,0
1,16,56520.0,2.1918139515181445,2.250303004538984,OPTIMAL,7552,8,0,4,0
1,16,56594.0,2.1918139515181445,2.250303004538984,OPTIMAL,7559,0,0,11,2
1,16,56620.0,2.1918510454213034,2.250303004538984,OPTIMAL,7568,6,0,5,1
1,16,56642.0,2.1918510454213034,2.250303004538984,OPTIMAL,7573,0,0,2,0
1,16,56649.0,2.1918533225575736,2.250303004538984,OPTIMAL,7575,3,0,1,0
1,16,56728.0,2.1918533225575736,2.250303004538984,OPTIMAL,7588,0,0,14,2
1,16,56747.0,2.191862562670524,2.250303004538984,OPTIMAL,7594,4,0,3,0
1,16,56798.0,2.191862562670524,2.250303004538984,OPTIMAL,7603,0,0,4,0
1,16,56815.0,2.1918628196205345,2.250303004538984,OPTIMAL,7609,0,0,5,1
1,16,56879.0,2.1918628196205345,2.250303004538984,OPTIMAL,7618,0,0,9,3
1,16,56900.0,2.191871628553202,2.250303004538984,OPTIMAL,7625,2,0,5,0
1,16,56963.0,2.191871628553202,2.250303004538984,OPTIMAL,7635,0,0,7,3
1,16,56982.0,2.191885093396497,2.250303004538984,OPTIMAL,7641,2,0,5,3
1,16,57054.0,2.191885093396497,2.250303004538984,OPTIMAL,7658,0,0,4,4
1,16,57111.0,2.191922897556447,2.250303004538984,OPTIMAL,7671,2,0,3,0
1,16,57166.0,2.191922897556447,2.250303004538984,OPTIMAL,7680,0,0,3,2
1,16,57195.0,2.192222259626198,2.250303004538984,OPTIMAL,7688,0,0,6,0
1,16,57248.0,2.192222259626198,2.250303004538984,OPTIMAL,7694,0,0,10,3
1,16,57270.0,2.1922877868772375,2.250303004538984,OPTIMAL,7701,5,0,3,1
1,16,57333.0,2.1922877868772375,2.250303004538984,OPTIMAL,7708,0,0,9,2
1,16,57352.0,2.1924735492848857,2.250303004538984,OPTIMAL,7714,4,0,3,0
1,16,57399.0,2.1924735492848857,2.250303004538984,OPTIMAL,7720,0,0,6,2
1,16,57443.0,2.192645714111038,2.250303004538984,OPTIMAL,7730,1,0,4,1
1,16,57489.0,2.192645714111038,2.250303004538984,OPTIMAL,7741,0,0,3,0
1,16,57520.0,2.1930285345212566,2.250303004538984,OPTIMAL,7748,0,0,3,0
1,16,57569.0,2.1930285345212566,2.250303004538984,OPTIMAL,7759,0,0,2,1
1,16,57598.0,2.1930656149367147,2.250303004538984,OPTIMAL,7767,1,0,2,2
1,16,57676.0,2.1930656149367147,2.250303004538984,OPTIMAL,7781,0,0,2,4
1,16,57720.0,2.1930728441126215,2.250303004538984,OPTIMAL,7789,1,0,5,0
1,16,57775.0,2.1930728441126215,2.250303004538984,OPTIMAL,7795,0,0,7,1
1,16,57793.0,2.193096573374121,2.250303004538984,OPTIMAL,7801,5,0,3,0
1,16,57865.0,2.193096573374121,2.250303004538984,OPTIMAL,7814,0,0,7,2
1,16,57887.0,2.193154677980133,2.250303004538984,OPTIMAL,7822,2,0,5,0
1,16,57933.0,2.193154677980133,2.250303004538984,OPTIMAL,7827,0,0,5,0
1,16,57950.0,2.193168582585324,2.250303004538984,OPTIMAL,7833,4,0,3,0
1,16,58018.0,2.193168582585324,2.250303004538984,OPTIMAL,7839,0,0,12,0
1,16,58043.0,2.1931766149349112,2.250303004538984,OPTIMAL,7846,5,0,3,0
1,16,58110.0,2.1931766149349112,2.250303004538984,OPTIMAL,7854,0,0,10,0
1,16,58133.0,2.1931859915039715,2.250303004538984,OPTIMAL,7862,3,0,4,0
1,16,58191.0,2.1931859915039715,2.250303004538984,OPTIMAL,7874,0,0,2,2
1,16,58218.0,2.193206415593897,2.250303004538984,OPTIMAL,7884,0,0,6,0
1,16,58289.0,2.193206415593897,2.250303004538984,OPTIMAL,7896,0,0,10,0
1,16,58306.0,2.1935286675794172,2.250303004538984,OPTIMAL,7900,1,0,5,1
1,16,58369.0,2.1935286675794172,2.250303004538984,OPTIMAL,7911,0,0,7,0
1,16,58395.0,2.19353518067106,2.250303004538984,OPTIMAL,7921,1,0,7,0
1,16,58419.0,2.19353518067106,2.250303004538984,OPTIMAL,7925,0,0,3,0
1,16,58427.0,2.1936033732947675,2.250303004538984,OPTIMAL,7927,4,0,1,0
1,16,58512.0,2.1936033732947675,2.250303004538984,OPTIMAL,7943,0,0,12,4
1,16,58533.0,2.1936813638890085,2.250303004538984,OPTIMAL,7950,5,0,4,2
1,16,58602.0,2.1936813638890085,2.250303004538984,OPTIMAL,7958,0,0,10,1
1,16,58627.0,2.1937624713995487,2.250303004538984,OPTIMAL,7967,1,0,5,0
1,16,58684.0,2.1937624713995487,2.250303004538984,OPTIMAL,7972,0,0,9,4
1,16,58705.0,2.1937720204108127,2.250303004538984,OPTIMAL,7979,6,0,4,0
1,16,58779.0,2.1937720204108127,2.250303004538984,OPTIMAL,7993,0,0,8,3
1,16,58827.0,2.1938276032726884,2.250303004538984,OPTIMAL,8003,3,0,5,1
1,16,58922.0,2.1938276032726884,2.250303004538984,OPTIMAL,8020,0,0,9,4
1,16,58990.0,2.1938454270311305,2.250303004538984,OPTIMAL,8036,2,0,7,0
1,16,59056.0,2.1938454270311305,2.250303004538984,OPTIMAL,8048,0,0,6,1
1,16,59080.0,2.1940673048043333,2.250303004538984,OPTIMAL,8057,1,0,5,0
1,16,59154.0,2.1940673048043333,2.250303004538984,OPTIMAL,8073,0,0,8,1
1,16,59221.0,2.1943864131968605,2.250303004538984,OPTIMAL,8085,0,0,8,0
1,16,59309.0,2.1943864131968605,2.250303004538984,OPTIMAL,8095,0,0,11,2
1,16,59330.0,2.194493740340965,2.250303004538984,OPTIMAL,8102,4,0,3,0
1,16,59394.0,2.194493740340965,2.250303004538984,OPTIMAL,8116,0,0,8,2
1,16,59455.0,2.1945067058391863,2.250303004538984,OPTIMAL,8129,0,0,5,1
1,16,59542.0,2.1945067058391863,2.250303004538984,OPTIMAL,8142,0,0,9,4
1,16,59582.0,2.195051102828951,2.250303004538984,OPTIMAL,8157,0,0,9,1
1,16,59640.0,2.195051102828951,2.250303004538984,OPTIMAL,8168,0,0,6,1
1,16,59683.0,2.1962504768257802,2.250303004538984,OPTIMAL,8185,0,0,9,3
1,16,59714.0,2.1962504768257802,2.250303004538984,OPTIMAL,8191,0,0,3,1
1,16,59723.0,2.1964132178231814,2.250303004538984,OPTIMAL,8193,4,0,1,0
1,16,59800.0,2.1964132178231814,2.250303004538984,OPTIMAL,8203,0,0,4,1
1,16,59822.0,2.1965502938350356,2.250303004538984,OPTIMAL,8211,2,0,4,0
1,16,59883.0,2.1965502938350356,2.250303004538984,OPTIMAL,8217,0,0,10,2
1,16,59901.0,2.1966180382441127,2.250303004538984,OPTIMAL,8223,7,0,3,0
1,16,59977.0,2.1966180382441127,2.250303004538984,OPTIMAL,8238,0,0,9,0
1,16,60045.0,2.1967422785151722,2.250303004538984,OPTIMAL,8252,2,0,7,1
1,16,60116.0,2.1967422785151722,2.250303004538984,OPTIMAL,8259,0,0,12,3
1,16,60136.0,2.1967422785151722,2.250303004538984,OPTIMAL,8265,3,0,4,0
1,16,60209.0,2.1967422785151722,2.250303004538984,OPTIMAL,8273,0,0,13,4
1,16,60227.0,2.196755270778639,2.250303004538984,OPTIMAL,8279,3,0,4,0
1,16,60292.0,2.196755270778639,2.250303004538984,OPTIMAL,8289,0,0,4,2
1,16,60323.0,2.1967865993386377,2.250303004538984,OPTIMAL,8300,0,0,8,1
1,16,60390.0,2.1967865993386377,2.250303004538984,OPTIMAL,8310,0,0,10,3
1,16,60412.0,2.196865875440757,2.250303004538984,OPTIMAL,8318,1,0,4,0
1,16,60472.0,2.196865875440757,2.250303004538984,OPTIMAL,8327,0,0,3,1
1,16,60492.0,2.196959091569397,2.250303004538984,OPTIMAL,8334,0,0,5,3
1,16,60531.0,2.196959091569397,2.250303004538984,OPTIMAL,8350,0,0,9,1
1,16,60600.0,2.1971593127965,2.250303004538984,OPTIMAL,8363,0,0,7,1
1,16,60672.0,2.1971593127965,2.250303004538984,OPTIMAL,8378,0,0,5,0
1,16,60746.0,2.197522272757616,2.250303004538984,OPTIMAL,8393,0,0,9,0
1,16,60825.0,2.197522272757616,2.250303004538984,OPTIMAL,8405,0,0,8,1
1,16,60876.0,2.1975561644486215,2.250303004538984,OPTIMAL,8414,2,0,8,0
1,16,60939.0,2.1975561644486215,2.250303004538984,OPTIMAL,8422,0,0,11,2
1,16,60960.0,2.197762031247148,2.250303004538984,OPTIMAL,8429,4,0,5,0
1,16,61019.0,2.197762031247148,2.250303004538984,OPTIMAL,8439,0,0,4,2
1,16,61048.0,2.1981172113010934,2.250303004538984,OPTIMAL,8450,0,0,7,1
1,16,61106.0,2.1981172113010934,2.250303004538984,OPTIMAL,8454,0,0,14,1
1,16,61124.0,2.1981172113010934,2.250303004538984,OPTIMAL,8460,8,0,3,0
1,16,61208.0,2.1981172113010934,2.250303004538984,OPTIMAL,8472,0,0,14,1
1,16,61226.0,2.1981275299777074,2.250303004538984,OPTIMAL,8478,7,0,3,0
1,16,61303.0,2.1981275299777074,2.250303004538984,OPTIMAL,8493,0,0,11,5
1,16,61319.0,2.198176800811984,2.250303004538984,OPTIMAL,8498,5,0,4,1
1,16,61352.0,2.198176800811984,2.250303004538984,OPTIMAL,8503,0,0,4,1
1,16,61360.0,2.1986386449218234,2.250303004538984,OPTIMAL,8505,5,0,1,0
1,16,61393.0,2.1986386449218234,2.250303004538984,OPTIMAL,8512,0,0,2,0
1,16,61400.0,2.1987487346060908,2.250303004538984,OPTIMAL,8514,3,0,1,0
1,16,61456.0,2.1987487346060908,2.250303004538984,OPTIMAL,8521,0,0,5,2
1,16,61475.0,2.1994012606806885,2.250303004538984,OPTIMAL,8527,4,0,4,0
1,16,61503.0,2.1994012606806885,2.250303004538984,OPTIMAL,8538,0,0,5,2
1,16,61535.0,2.199424857901044,2.250303004538984,OPTIMAL,8544,0,0,4,0
1,16,61599.0,2.199424857901044,2.250303004538984,OPTIMAL,8548,0,0,10,0
1,16,61618.0,2.199424857901044,2.250303004538984,OPTIMAL,8554,9,0,3,0
1,16,61685.0,2.199424857901044,2.250303004538984,OPTIMAL,8562,0,0,12,0
1,16,61701.0,2.1997055981096914,2.250303004538984,OPTIMAL,8567,8,0,3,0
1,16,61760.0,2.1997055981096914,2.250303004538984,OPTIMAL,8578,0,0,6,0
1,16,61826.0,2.1999858653879585,2.250303004538984,OPTIMAL,8589,1,0,5,0
1,16,61888.0,2.1999858653879585,2.250303004538984,OPTIMAL,8598,0,0,9,0
1,16,61905.0,2.2005884753157243,2.250303004538984,OPTIMAL,8604,1,0,4,0
1,16,61937.0,2.2005884753157243,2.250303004538984,OPTIMAL,8610,0,0,4,0
1,16,61945.0,2.2010672475861552,2.250303004538984,OPTIMAL,8612,5,0,1,1
1,16,62001.0,2.2010672475861552,2.250303004538984,OPTIMAL,8617,0,0,9,0
1,16,62022.0,2.20127601472911,2.250303004538984,OPTIMAL,8625,5,0,5,0
1,16,62068.0,2.20127601472911,2.250303004538984,OPTIMAL,8633,0,0,4,0
1,16,62086.0,2.201593961220541,2.250303004538984,OPTIMAL,8639,0,0,5,0
1,16,62156.0,2.201593961220541,2.250303004538984,OPTIMAL,8652,0,0,9,0
1,16,62181.0,2.20183791959079,2.250303004538984,OPTIMAL,8661,0,0,7,0
1,16,62247.0,2.20183791959079,2.250303004538984,OPTIMAL,8670,0,0,8,1
1,16,62272.0,2.2018647331186862,2.250303004538984,OPTIMAL,8678,4,0,5,1
1,16,62329.0,2.2018647331186862,2.250303004538984,OPTIMAL,8688,0,0,5,0
1,16,62348.0,2.2020612803378006,2.250303004538984,OPTIMAL,8695,1,0,6,0
1,16,62364.0,2.2020612803378006,2.250303004538984,OPTIMAL,8701,0,0,5,2
1,16,62396.0,2.202150793785804,2.250303004538984,OPTIMAL,8706,0,0,4,0
1,16,62456.0,2.202150793785804,2.250303004538984,OPTIMAL,8716,0,0,6,0
1,16,62478.0,2.202171548043327,2.250303004538984,OPTIMAL,8724,0,0,4,0
1,16,62502.0,2.202171548043327,2.250303004538984,OPTIMAL,8729,0,0,3,0
1,16,62509.0,2.2024817580102436,2.250303004538984,OPTIMAL,8731,4,0,1,0
1,16,62583.0,2.2024817580102436,2.250303004538984,OPTIMAL,8745,0,0,9,1
1,16,62635.0,2.2027986926212497,2.250303004538984,OPTIMAL,8753,4,0,5,0
1,16,62661.0,2.2027986926212497,2.250303004538984,OPTIMAL,8759,0,0,2,1
1,16,62668.0,2.2033551709827566,2.250303004538984,OPTIMAL,8761,3,0,1,1
1,16,62736.0,2.2033551709827566,2.250303004538984,OPTIMAL,8769,0,0,12,0
1,16,62754.0,2.2033895116802693,2.250303004538984,OPTIMAL,8775,4,0,3,0
1,16,62813.0,2.2033895116802693,2.250303004538984,OPTIMAL,8786,0,0,6,1
1,16,62835.0,2.20347634652337,2.250303004538984,OPTIMAL,8794,0,0,4,0
1,16,62897.0,2.20347634652337,2.250303004538984,OPTIMAL,8802,0,0,8,1
1,16,62919.0,2.203596704561722,2.250303004538984,OPTIMAL,8810,2,0,5,0
1,16,62992.0,2.203596704561722,2.250303004538984,OPTIMAL,8825,0,0,9,1
1,16,63072.0,2.203645838061692,2.250303004538984,OPTIMAL,8841,0,0,4,0
1,16,63141.0,2.203645838061692,2.250303004538984,OPTIMAL,8852,0,0,4,5
1,16,63163.0,2.203877775760284,2.250303004538984,OPTIMAL,8858,1,0,6,0
1,16,63183.0,2.203877775760284,2.250303004538984,OPTIMAL,8864,0,0,1,0
1,16,63189.0,2.204015553004088,2.250303004538984,OPTIMAL,8866,2,0,1,0
1,16,63246.0,2.204015553004088,2.250303004538984,OPTIMAL,8878,0,0,7,0
1,16,63266.0,2.204499115527866,2.250303004538984,OPTIMAL,8885,0,0,6,0
1,16,63335.0,2.204499115527866,2.250303004538984,OPTIMAL,8890,0,0,12,0
1,16,63354.0,2.2049646622635954,2.250303004538984,OPTIMAL,8896,10,0,3,0
1,16,63381.0,2.2049646622635954,2.250303004538984,OPTIMAL,8903,0,0,2,0
1,16,63387.0,2.204967765763256,2.250303004538984,OPTIMAL,8905,3,0,1,1
1,16,63423.0,2.204967765763256,2.250303004538984,OPTIMAL,8910,0,0,6,0
1,16,63432.0,2.2052519707562666,2.250303004538984,OPTIMAL,8912,7,0,1,0
1,16,63499.0,2.2052519707562666,2.250303004538984,OPTIMAL,8915,0,0,11,0
1,16,63521.0,2.2052519707562666,2.250303004538984,OPTIMAL,8922,8,0,4,0
1,16,63579.0,2.2052519707562666,2.250303004538984,OPTIMAL,8926,0,0,10,0
1,16,63597.0,2.205326601460645,2.250303004538984,OPTIMAL,8932,8,0,3,0
1,16,63640.0,2.205326601460645,2.250303004538984,OPTIMAL,8937,0,0,4,2
1,16,63658.0,2.205328520190195,2.250303004538984,OPTIMAL,8943,2,0,4,1
1,16,63671.0,2.205328520190195,2.250303004538984,OPTIMAL,8947,0,0,8,1
1,16,63735.0,2.205350672417425,2.250303004538984,OPTIMAL,8959,1,0,7,2
1,16,63801.0,2.205350672417425,2.250303004538984,OPTIMAL,8973,0,0,6,4
1,16,63832.0,2.205354174809304,2.250303004538984,OPTIMAL,8984,0,0,9,2
1,16,63884.0,2.205354174809304,2.250303004538984,OPTIMAL,8992,0,0,2,0
1,16,63940.0,2.205425872520596,2.250303004538984,OPTIMAL,9002,0,0,5,0
1,16,63973.0,2.205425872520596,2.250303004538984,OPTIMAL,9014,0,0,6,2
1,16,64009.0,2.2054566695911015,2.250303004538984,OPTIMAL,9023,1,0,3,0
1,16,64031.0,2.2054566695911015,2.250303004538984,OPTIMAL,9028,0,0,2,0
1,16,64038.0,2.2054578623311034,2.250303004538984,OPTIMAL,9030,3,0,1,0
1,16,64097.0,2.2054578623311034,2.250303004538984,OPTIMAL,9036,0,0,11,0
1,16,64113.0,2.205765008120509,2.250303004538984,OPTIMAL,9041,6,0,4,0
1,16,64168.0,2.205765008120509,2.250303004538984,OPTIMAL,9046,0,0,8,0
1,16,64189.0,2.2057898535798826,2.250303004538984,OPTIMAL,9053,5,0,4,0
1,16,64208.0,2.2057898535798826,2.250303004538984,OPTIMAL,9059,0,0,1,0
1,16,64214.0,2.2058093160006087,2.250303004538984,OPTIMAL,9061,2,0,1,0
1,16,64271.0,2.2058093160006087,2.250303004538984,OPTIMAL,9069,0,0,7,1
1,16,64293.0,2.20598939655964,2.250303004538984,OPTIMAL,9074,3,0,5,0
1,16,64322.0,2.20598939655964,2.250303004538984,OPTIMAL,9079,0,0,4,0
1,16,64330.0,2.2065050896946214,2.250303004538984,OPTIMAL,9081,5,0,1,0
1,16,64378.0,2.2065050896946214,2.250303004538984,OPTIMAL,9089,0,0,8,1
1,16,64394.0,2.206667047995648,2.250303004538984,OPTIMAL,9094,3,0,3,0
1,16,64436.0,2.206667047995648,2.250303004538984,OPTIMAL,9101,0,0,4,2
1,16,64477.0,2.206712347188179,2.250303004538984,OPTIMAL,9112,1,0,3,1
1,16,64576.0,2.206712347188179,2.250303004538984,OPTIMAL,9125,0,0,18,3
1,16,64602.0,2.206747244002311,2.250303004538984,OPTIMAL,9134,5,0,5,0
1,16,64699.0,2.206747244002311,2.250303004538984,OPTIMAL,9146,0,0,16,4
1,16,64722.0,2.2068032954233527,2.250303004538984,OPTIMAL,9154,5,0,4,0
1,16,64816.0,2.2068032954233527,2.250303004538984,OPTIMAL,9169,0,0,17,4
1,16,64841.0,2.2069960875895935,2.250303004538984,OPTIMAL,9177,2,0,6,1
1,16,64928.0,2.2069960875895935,2.250303004538984,OPTIMAL,9191,0,0,13,5
1,16,64946.0,2.2070690993511723,2.250303004538984,OPTIMAL,9197,3,0,4,1
1,16,64967.0,2.2070690993511723,2.250303004538984,OPTIMAL,9203,0,0,1,0
1,16,64974.0,2.207364776147535,2.250303004538984,OPTIMAL,9205,2,0,1,0
1,16,64997.0,2.207364776147535,2.250303004538984,OPTIMAL,9210,0,0,2,2
1,16,65004.0,2.207378916322887,2.250303004538984,OPTIMAL,9212,3,0,1,0
1,16,65090.0,2.207378916322887,2.250303004538984,OPTIMAL,9225,0,0,11,6
1,16,65106.0,2.20738825948869,2.250303004538984,OPTIMAL,9230,1,0,4,2
1,16,65166.0,2.20738825948869,2.250303004538984,OPTIMAL,9236,0,0,9,0
1,16,65182.0,2.2074227838397293,2.250303004538984,OPTIMAL,9241,6,0,4,0
1,16,65236.0,2.2074227838397293,2.250303004538984,OPTIMAL,9246,0,0,5,1
1,16,65256.0,2.207433873527407,2.250303004538984,OPTIMAL,9253,5,0,4,0
1,16,65312.0,2.207433873527407,2.250303004538984,OPTIMAL,9263,0,0,7,2
1,16,65349.0,2.2075152447933633,2.250303004538984,OPTIMAL,9268,0,0,6,1
1,16,65425.0,2.2075152447933633,2.250303004538984,OPTIMAL,9284,0,0,8,2
1,16,65455.0,2.2077042253472015,2.250303004538984,OPTIMAL,9295,0,0,8,0
1,16,65536.0,2.2077042253472015,2.250303004538984,OPTIMAL,9308,0,0,6,4
1,16,65557.0,2.2080686532966327,2.250303004538984,OPTIMAL,9315,1,0,6,1
1,16,65620.0,2.2080686532966327,2.250303004538984,OPTIMAL,9326,0,0,8,1
1,16,65674.0,2.2083575666875146,2.250303004538984,OPTIMAL,9338,1,0,6,0
1,16,65718.0,2.2083575666875146,2.250303004538984,OPTIMAL,9354,0,0,9,0
1,16,65760.0,2.2085359303169243,2.250303004538984,OPTIMAL,9363,0,0,6,0
1,16,65816.0,2.2085359303169243,2.250303004538984,OPTIMAL,9372,0,0,5,2
1,16,65834.0,2.208550494746369,2.250303004538984,OPTIMAL,9378,4,0,3,1
1,16,65868.0,2.208550494746369,2.250303004538984,OPTIMAL,9385,0,0,4,0
1,16,65877.0,2.208682347471037,2.250303004538984,OPTIMAL,9387,5,0,1,0
1,16,65970.0,2.208682347471037,2.250303004538984,OPTIMAL,9400,0,0,10,0
1,16,65994.0,2.2086909650132682,2.250303004538984,OPTIMAL,9408,5,0,4,0
1,16,66016.0,2.2086909650132682,2.250303004538984,OPTIMAL,9416,0,0,7,2
1,16,66060.0,2.2087498349107424,2.250303004538984,OPTIMAL,9426,0,0,5,0
1,16,66128.0,2.2087498349107424,2.250303004538984,OPTIMAL,9439,0,0,5,3
1,16,66145.0,2.208819651437096,2.250303004538984,OPTIMAL,9444,0,0,6,4
1,16,66198.0,2.208819651437096,2.250303004538984,OPTIMAL,9454,0,0,5,1
1,16,66228.0,2.208898718709328,2.250303004538984,OPTIMAL,9466,0,0,7,0
1,16,66287.0,2.208898718709328,2.250303004538984,OPTIMAL,9473,0,0,10,0
1,16,66307.0,2.20890478300654,2.250303004538984,OPTIMAL,9479,6,0,3,1
1,16,66379.0,2.20890478300654,2.250303004538984,OPTIMAL,9493,0,0,5,1
1,16,66409.0,2.2089608421112783,2.250303004538984,OPTIMAL,9504,0,0,8,0
1,16,66435.0,2.2089608421112783,2.250303004538984,OPTIMAL,9513,0,0,8,0
1,16,66486.0,2.2091508589450117,2.250303004538984,OPTIMAL,9524,0,0,6,0
1,16,66548.0,2.2091508589450117,2.250303004538984,OPTIMAL,9534,0,0,2,0
1,16,66570.0,2.2094298647171664,2.250303004538984,OPTIMAL,9542,0,0,5,1
1,16,66618.0,2.2094298647171664,2.250303004538984,OPTIMAL,9548,0,0,4,1
1,16,66641.0,2.2094915116659672,2.250303004538984,OPTIMAL,9556,1,0,6,0
1,16,66667.0,2.2094915116659672,2.250303004538984,OPTIMAL,9566,0,0,8,3
1,16,66742.0,2.209583434266773,2.250303004538984,OPTIMAL,9584,0,0,4,1
1,16,66806.0,2.209583434266773,2.250303004538984,OPTIMAL,9592,0,0,5,3
1,16,66826.0,2.209644851090124,2.250303004538984,OPTIMAL,9599,4,0,4,0
1,16,66902.0,2.209644851090124,2.250303004538984,OPTIMAL,9615,0,0,11,4
1,16,66959.0,2.209836463025823,2.250303004538984,OPTIMAL,9629,1,0,6,1
1,16,67029.0,2.209836463025823,2.250303004538984,OPTIMAL,9644,0,0,8,4
1,16,67069.0,2.2100142325915657,2.250303004538984,OPTIMAL,9651,1,0,5,1
1,16,67123.0,2.2100142325915657,2.250303004538984,OPTIMAL,9657,0,0,5,0
1,16,67145.0,2.210211342410931,2.250303004538984,OPTIMAL,9665,3,0,5,0
1,16,67171.0,2.210211342410931,2.250303004538984,OPTIMAL,9670,0,0,2,1
1,16,67178.0,2.2105716019079313,2.250303004538984,OPTIMAL,9672,3,0,1,0
1,16,67210.0,2.2105716019079313,2.250303004538984,OPTIMAL,9677,0,0,3,0
1,16,67217.0,2.2107524459745402,2.250303004538984,OPTIMAL,9679,4,0,1,0
1,16,67247.0,2.2107524459745402,2.250303004538984,OPTIMAL,9691,0,0,6,2
1,16,67279.0,2.2110219343926616,2.250303004538984,OPTIMAL,9697,0,0,4,0
1,16,67307.0,2.2110219343926616,2.250303004538984,OPTIMAL,9707,0,0,7,1
1,16,67344.0,2.2111378558455463,2.250303004538984,OPTIMAL,9713,0,0,6,1
1,16,67403.0,2.2111378558455463,2.250303004538984,OPTIMAL,9723,0,0,5,0
1,16,67427.0,2.2114327589419314,2.250303004538984,OPTIMAL,9732,0,0,5,0
1,16,67448.0,2.2114327589419314,2.250303004538984,OPTIMAL,9737,0,0,2,0
1,16,67455.0,2.2119911927250495,2.250303004538984,OPTIMAL,9739,3,0,1,0
1,16,67536.0,2.2119911927250495,2.250303004538984,OPTIMAL,9752,0,0,14,2
1,16,67554.0,2.2119924459556257,2.250303004538984,OPTIMAL,9758,5,0,3,1
1,16,67626.0,2.2119924459556257,2.250303004538984,OPTIMAL,9773,0,0,5,0
1,16,67670.0,2.212013343873318,2.250303004538984,OPTIMAL,9783,0,0,5,0
1,16,67746.0,2.212013343873318,2.250303004538984,OPTIMAL,9795,0,0,9,3
1,16,67761.0,2.212148841799943,2.250303004538984,OPTIMAL,9800,4,0,4,0
1,16,67810.0,2.212148841799943,2.250303004538984,OPTIMAL,9810,0,0,4,2
1,16,67831.0,2.2121970267237767,2.250303004538984,OPTIMAL,9818,0,0,5,2
1,16,67913.0,2.2121970267237767,2.250303004538984,OPTIMAL,9835,0,0,12,3
1,16,67928.0,2.2127547511927457,2.250303004538984,OPTIMAL,9839,3,0,5,1
1,16,67998.0,2.2127547511927457,2.250303004538984,OPTIMAL,9852,0,0,10,2
1,16,68013.0,2.212967849426285,2.250303004538984,OPTIMAL,9857,3,0,3,1
1,16,68078.0,2.212967849426285,2.250303004538984,OPTIMAL,9860,0,0,10,0
1,16,68095.0,2.2130967043471435,2.250303004538984,OPTIMAL,9865,9,0,3,0
1,16,68161.0,2.2130967043471435,2.250303004538984,OPTIMAL,9875,0,0,1,0
1,16,68177.0,2.2133105190039495,2.250303004538984,OPTIMAL,9880,0,0,4,2
1,16,68249.0,2.2133105190039495,2.250303004538984,OPTIMAL,9888,0,0,14,1
1,16,68267.0,2.2134582033360175,2.250303004538984,OPTIMAL,9894,5,0,3,0
1,16,68339.0,2.2134582033360175,2.250303004538984,OPTIMAL,9904,0,0,12,0
1,16,68357.0,2.2134895653125284,2.250303004538984,OPTIMAL,9910,0,0,3,0
1,16,68400.0,2.2134895653125284,2.250303004538984,OPTIMAL,9915,0,0,8,1
1,16,68408.0,2.213683840185128,2.250303004538984,OPTIMAL,9917,9,0,1,1
1,16,68488.0,2.213683840185128,2.250303004538984,OPTIMAL,9930,0,0,11,1
1,16,68510.0,2.213740574359895,2.250303004538984,OPTIMAL,9937,0,0,7,1
1,16,68541.0,2.213740574359895,2.250303004538984,OPTIMAL,9941,0,0,5,0
1,16,68548.0,2.2139551136880535,2.250303004538984,OPTIMAL,9943,6,0,1,0
1,16,68599.0,2.2139551136880535,2.250303004538984,OPTIMAL,9947,0,0,7,0
1,16,68615.0,2.2139658328781806,2.250303004538984,OPTIMAL,9952,6,0,3,0
1,16,68642.0,2.2139658328781806,2.250303004538984,OPTIMAL,9957,0,0,3,1
1,16,68649.0,2.214122544678107,2.250303004538984,OPTIMAL,9959,4,0,1,0
1,16,68708.0,2.214122544678107,2.250303004538984,OPTIMAL,9967,0,0,8,1
1,16,68726.0,2.214192314678976,2.250303004538984,OPTIMAL,9973,1,0,5,0
1,16,68785.0,2.214192314678976,2.250303004538984,OPTIMAL,9977,0,0,10,0
1,16,68802.0,2.2142668448320055,2.250303004538984,OPTIMAL,9983,8,0,3,0
1,16,68829.0,2.2142668448320055,2.250303004538984,OPTIMAL,9993,0,0,7,2
1,16,68874.0,2.2143338910978088,2.250303004538984,OPTIMAL,10002,1,0,4,0
1,16,68893.0,2.2143338910978088,2.250303004538984,OPTIMAL,10009,0,0,3,0
1,16,68944.0,2.214380098925756,2.250303004538984,OPTIMAL,10018,0,0,2,3
1,16,69000.0,2.214380098925756,2.250303004538984,OPTIMAL,10027,0,0,5,1
1,16,69024.0,2.214387640801886,2.250303004538984,OPTIMAL,10036,1,0,6,0
1,16,69091.0,2.214387640801886,2.250303004538984,OPTIMAL,10050,0,0,6,2
1,16,69109.0,2.2145850130607276,2.250303004538984,OPTIMAL,10056,0,0,5,1
1,16,69168.0,2.2145850130607276,2.250303004538984,OPTIMAL,10065,0,0,5,0
1,16,69188.0,2.2146436371670344,2.250303004538984,OPTIMAL,10072,4,0,4,0
1,16,69226.0,2.2146436371670344,2.250303004538984,OPTIMAL,10080,0,0,3,0
1,16,69239.0,2.2147146383419862,2.250303004538984,OPTIMAL,10085,0,0,4,1
1,16,69301.0,2.2147146383419862,2.250303004538984,OPTIMAL,10091,0,0,6,0
1,16,69318.0,2.214811296461894,2.250303004538984,OPTIMAL,10097,7,0,3,0
1,16,69339.0,2.214811296461894,2.250303004538984,OPTIMAL,10102,0,0,2,0
1,16,69346.0,2.215273574649654,2.250303004538984,OPTIMAL,10104,3,0,1,0
1,16,69377.0,2.215273574649654,2.250303004538984,OPTIMAL,10116,0,0,9,2
1,16,69413.0,2.2155563373199643,2.250303004538984,OPTIMAL,10122,2,0,6,0
1,16,69470.0,2.2155563373199643,2.250303004538984,OPTIMAL,10130,0,0,7,0
1,16,69497.0,2.215570703827207,2.250303004538984,OPTIMAL,10141,2,0,6,1
1,16,69518.0,2.215570703827207,2.250303004538984,OPTIMAL,10148,0,0,1,0
1,16,69525.0,2.215584284693425,2.250303004538984,OPTIMAL,10150,2,0,1,1
1,16,69586.0,2.215584284693425,2.250303004538984,OPTIMAL,10163,0,0,7,1
1,16,69601.0,2.2156462051524644,2.250303004538984,OPTIMAL,10168,0,0,5,1
1,16,69668.0,2.2156462051524644,2.250303004538984,OPTIMAL,10180,0,0,6,0
1,16,69702.0,2.2156642163821005,2.250303004538984,OPTIMAL,10190,1,0,7,0
1,16,69757.0,2.2156642163821005,2.250303004538984,OPTIMAL,10203,0,0,3,2
1,16,69785.0,2.2156976993346564,2.250303004538984,OPTIMAL,10213,0,0,6,0
1,16,69829.0,2.2156976993346564,2.250303004538984,OPTIMAL,10219,0,0,6,1
1,16,69850.0,2.2157193516136164,2.250303004538984,OPTIMAL,10226,2,0,4,0
1,16,69895.0,2.2157193516136164,2.250303004538984,OPTIMAL,10235,0,0,3,1
1,16,69909.0,2.2157346562131917,2.250303004538984,OPTIMAL,10240,2,0,3,1
1,16,69959.0,2.2157346562131917,2.250303004538984,OPTIMAL,10251,0,0,3,1
1,16,69979.0,2.2158426479211126,2.250303004538984,OPTIMAL,10259,0,0,5,0
1,16,70035.0,2.2158426479211126,2.250303004538984,OPTIMAL,10267,0,0,9,1
1,16,70051.0,2.216097636401659,2.250303004538984,OPTIMAL,10272,3,0,5,0
1,16,70116.0,2.216097636401659,2.250303004538984,OPTIMAL,10278,0,0,9,0
1,16,70136.0,2.2161370096169346,2.250303004538984,OPTIMAL,10285,7,0,3,0
1,16,70206.0,2.2161370096169346,2.250303004538984,OPTIMAL,10289,0,0,12,1
1,16,70229.0,2.2163888846578095,2.250303004538984,OPTIMAL,10297,9,0,5,0
1,16,70285.0,2.2163888846578095,2.250303004538984,OPTIMAL,10303,0,0,8,1
1,16,70303.0,2.2164042267554613,2.250303004538984,OPTIMAL,10309,6,0,3,0
1,16,70363.0,2.2164042267554613,2.250303004538984,OPTIMAL,10318,0,0,9,0
1,16,70380.0,2.2164998037246164,2.250303004538984,OPTIMAL,10324,2,0,3,0
1,16,70396.0,2.2164998037246164,2.250303004538984,OPTIMAL,10330,0,0,4,0
1,16,70428.0,2.2166271072575823,2.250303004538984,OPTIMAL,10336,0,0,4,0
1,16,70478.0,2.2166271072575823,2.250303004538984,OPTIMAL,10347,0,0,4,0
1,16,70497.0,2.216785145978946,2.250303004538984,OPTIMAL,10354,0,0,4,0
1,16,70555.0,2.216785145978946,2.250303004538984,OPTIMAL,10364,0,0,5,2
1,16,70569.0,2.216787075154817,2.250303004538984,OPTIMAL,10369,2,0,4,2
1,16,70597.0,2.216787075154817,2.250303004538984,OPTIMAL,10375,0,0,1,0
1,16,70620.0,2.2168407378107626,2.250303004538984,OPTIMAL,10384,0,0,4,2
1,16,70637.0,2.2168407378107626,2.250303004538984,OPTIMAL,10390,0,0,7,0
1,16,70695.0,2.216853367664966,2.250303004538984,OPTIMAL,10403,0,0,3,0
1,16,70757.0,2.216853367664966,2.250303004538984,OPTIMAL,10415,0,0,6,0
1,16,70779.0,2.2168734534904453,2.250303004538984,OPTIMAL,10422,0,0,7,0
1,16,70833.0,2.2168734534904453,2.250303004538984,OPTIMAL,10429,0,0,6,1
1,16,70853.0,2.2170966612060323,2.250303004538984,OPTIMAL,10436,5,0,3,0
1,16,70910.0,2.2170966612060323,2.250303004538984,OPTIMAL,10446,0,0,6,0
1,16,70933.0,2.217170152918913,2.250303004538984,OPTIMAL,10452,0,0,4,0
1,16,71007.0,2.217170152918913,2.250303004538984,OPTIMAL,10460,0,0,12,1
1,16,71028.0,2.2172782992415865,2.250303004538984,OPTIMAL,10467,9,0,4,0
1,16,71078.0,2.2172782992415865,2.250303004538984,OPTIMAL,10474,0,0,5,1
1,16,71098.0,2.217504195182137,2.250303004538984,OPTIMAL,10481,0,0,7,1
1,16,71147.0,2.217504195182137,2.250303004538984,OPTIMAL,10494,0,0,2,1
1,16,71160.0,2.2175071285544137,2.250303004538984,OPTIMAL,10498,1,0,3,1
1,16,71229.0,2.2175071285544137,2.250303004538984,OPTIMAL,10505,0,0,12,1
1,16,71247.0,2.2175133930773088,2.250303004538984,OPTIMAL,10510,7,0,5,1
1,16,71277.0,2.2175133930773088,2.250303004538984,OPTIMAL,10515,0,0,4,1
1,16,71284.0,2.2175292082114133,2.250303004538984,OPTIMAL,10517,5,0,1,0
1,16,71320.0,2.2175292082114133,2.250303004538984,OPTIMAL,10524,0,0,2,0
1,16,71344.0,2.218064036583068,2.250303004538984,OPTIMAL,10531,0,0,4,1
1,16,71407.0,2.218064036583068,2.250303004538984,OPTIMAL,10537,0,0,10,0
1,16,71423.0,2.2181158578958753,2.250303004538984,OPTIMAL,10542,8,0,3,0
1,16,71482.0,2.2181158578958753,2.250303004538984,OPTIMAL,10548,0,0,9,1
1,16,71502.0,2.2181599984150724,2.250303004538984,OPTIMAL,10555,4,0,6,2
1,16,71542.0,2.2181599984150724,2.250303004538984,OPTIMAL,10561,0,0,3,1
1,16,71560.0,2.218715425353927,2.250303004538984,OPTIMAL,10567,1,0,4,1
1,16,71618.0,2.218715425353927,2.250303004538984,OPTIMAL,10574,0,0,10,0
1,16,71639.0,2.218760992028905,2.250303004538984,OPTIMAL,10581,5,0,4,0
1,16,71695.0,2.218760992028905,2.250303004538984,OPTIMAL,10593,0,0,3,0
1,16,71719.0,2.2188394548844435,2.250303004538984,OPTIMAL,10602,0,0,6,0
1,16,71740.0,2.2188394548844435,2.250303004538984,OPTIMAL,10610,0,0,9,2
1,16,71789.0,2.2188440949544344,2.250303004538984,OPTIMAL,10619,1,0,6,0
1,16,71852.0,2.2188440949544344,2.250303004538984,OPTIMAL,10628,0,0,10,0
1,16,71875.0,2.218955538526902,2.250303004538984,OPTIMAL,10636,4,0,5,0
1,16,71924.0,2.218955538526902,2.250303004538984,OPTIMAL,10641,0,0,5,1
1,16,71944.0,2.218955538526902,2.250303004538984,OPTIMAL,10648,4,0,4,1
1,16,72006.0,2.218955538526902,2.250303004538984,OPTIMAL,10659,0,0,4,1
1,16,72022.0,2.219005014421962,2.250303004538984,OPTIMAL,10664,2,0,5,0
1,16,72051.0,2.219005014421962,2.250303004538984,OPTIMAL,10670,0,0,3,0
1,16,72057.0,2.219512989896498,2.250303004538984,OPTIMAL,10672,4,0,1,1
1,16,72121.0,2.219512989896498,2.250303004538984,OPTIMAL,10683,0,0,10,1
1,16,72137.0,2.2195305765664166,2.250303004538984,OPTIMAL,10688,4,0,4,1
1,16,72204.0,2.2195305765664166,2.250303004538984,OPTIMAL,10699,0,0,4,0
1,16,72225.0,2.2198365818065753,2.250303004538984,OPTIMAL,10706,0,0,8,0
1,16,72293.0,2.2198365818065753,2.250303004538984,OPTIMAL,10718,0,0,8,1
1,16,72313.0,2.22016122686565,2.250303004538984,OPTIMAL,10724,1,0,8,1
1,16,72365.0,2.22016122686565,2.250303004538984,OPTIMAL,10729,0,0,9,0
1,16,72382.0,2.2201675151774447,2.250303004538984,OPTIMAL,10735,5,0,4,1
1,16,72429.0,2.2201675151774447,2.250303004538984,OPTIMAL,10745,0,0,4,1
1,16,72446.0,2.220202604843559,2.250303004538984,OPTIMAL,10751,0,0,4,1
1,16,72461.0,2.220202604843559,2.250303004538984,OPTIMAL,10756,0,0,3,1
1,16,72479.0,2.220265979016524,2.250303004538984,OPTIMAL,10763,0,0,3,1
1,16,72549.0,2.220265979016524,2.250303004538984,OPTIMAL,10768,0,0,9,0
1,16,72570.0,2.2203598235697095,2.250303004538984,OPTIMAL,10775,9,0,4,0
1,16,72611.0,2.2203598235697095,2.250303004538984,OPTIMAL,10781,0,0,4,1
1,16,72620.0,2.220481151596813,2.250303004538984,OPTIMAL,10783,5,0,1,0
1,16,72673.0,2.220481151596813,2.250303004538984,OPTIMAL,10789,0,0,7,1
1,16,72688.0,2.2205684444056972,2.250303004538984,OPTIMAL,10794,4,0,4,1
1,16,72748.0,2.2205684444056972,2.250303004538984,OPTIMAL,10806,0,0,6,0
1,16,72764.0,2.220595740375954,2.250303004538984,OPTIMAL,10811,1,0,5,0
1,16,72817.0,2.220595740375954,2.250303004538984,OPTIMAL,10820,0,0,5,3
1,16,72838.0,2.2206507970929,2.250303004538984,OPTIMAL,10827,2,0,5,0
1,16,72867.0,2.2206507970929,2.250303004538984,OPTIMAL,10832,0,0,4,0
1,16,72874.0,2.2207208143315778,2.250303004538984,OPTIMAL,10834,5,0,1,0
1,16,72906.0,2.2207208143315778,2.250303004538984,OPTIMAL,10846,0,0,11,1
1,16,72936.0,2.2208938849509376,2.250303004538984,OPTIMAL,10858,0,0,9,0
1,16,72953.0,2.2208938849509376,2.250303004538984,OPTIMAL,10864,0,0,4,1
1,16,72965.0,2.2209168865299524,2.250303004538984,OPTIMAL,10868,0,0,4,1
1,16,73027.0,2.2209168865299524,2.250303004538984,OPTIMAL,10879,0,0,3,1
1,16,73038.0,2.220949632857247,2.250303004538984,OPTIMAL,10882,2,0,4,1
1,16,73076.0,2.220949632857247,2.250303004538984,OPTIMAL,10897,0,0,10,3
1,16,73094.0,2.2209923881806852,2.250303004538984,OPTIMAL,10904,2,0,4,0
1,16,73123.0,2.2209923881806852,2.250303004538984,OPTIMAL,10910,0,0,3,0
1,16,73130.0,2.2210030842103237,2.250303004538984,OPTIMAL,10912,4,0,1,0
1,16,73153.0,2.2210030842103237,2.250303004538984,OPTIMAL,10916,0,0,3,0
1,16,73160.0,2.221121892894398,2.250303004538984,OPTIMAL,10918,4,0,1,0
1,16,73190.0,2.221121892894398,2.250303004538984,OPTIMAL,10929,0,0,5,0
1,16,73223.0,2.22117267711846,2.250303004538984,OPTIMAL,10942,0,0,7,1
1,16,73302.0,2.22117267711846,2.250303004538984,OPTIMAL,10953,0,0,9,2
1,16,73332.0,2.221470489866919,2.250303004538984,OPTIMAL,10963,3,0,9,2
1,16,73380.0,2.221470489866919,2.250303004538984,OPTIMAL,10971,0,0,5,3
1,16,73394.0,2.2214740310177072,2.250303004538984,OPTIMAL,10976,1,0,5,0
1,16,73455.0,2.2214740310177072,2.250303004538984,OPTIMAL,10989,0,0,3,2
1,16,73479.0,2.2217663008029027,2.250303004538984,OPTIMAL,10997,0,0,5,1
1,16,73504.0,2.2217663008029027,2.250303004538984,OPTIMAL,11001,0,0,3,0
1,16,73510.0,2.2219107491902186,2.250303004538984,OPTIMAL,11003,4,0,1,0
1,16,73537.0,2.2219107491902186,2.250303004538984,OPTIMAL,11007,0,0,4,0
1,16,73544.0,2.2219679041380234,2.250303004538984,OPTIMAL,11009,5,0,1,0
1,16,73594.0,2.2219679041380234,2.250303004538984,OPTIMAL,11028,0,0,15,3
1,16,73623.0,2.222082132394121,2.250303004538984,OPTIMAL,11040,5,0,4,1
1,16,73675.0,2.222082132394121,2.250303004538984,OPTIMAL,11046,0,0,5,1
1,16,73693.0,2.222094552830945,2.250303004538984,OPTIMAL,11052,5,0,3,0
1,16,73743.0,2.222094552830945,2.250303004538984,OPTIMAL,11059,0,0,7,1
1,16,73761.0,2.222167922157924,2.250303004538984,OPTIMAL,11065,2,0,5,1
1,16,73790.0,2.222167922157924,2.250303004538984,OPTIMAL,11076,0,0,8,3
1,16,73810.0,2.222182535073746,2.250303004538984,OPTIMAL,11083,1,0,6,1
1,16,73835.0,2.222182535073746,2.250303004538984,OPTIMAL,11089,0,0,2,0
1,16,73847.0,2.2222407677729175,2.250303004538984,OPTIMAL,11091,3,0,1,0
1,16,73906.0,2.2222407677729175,2.250303004538984,OPTIMAL,11094,0,0,11,0
1,16,73926.0,2.2223017107609198,2.250303004538984,OPTIMAL,11101,7,0,4,0
1,16,73989.0,2.2223017107609198,2.250303004538984,OPTIMAL,11113,0,0,5,1
1,16,74010.0,2.222334844882513,2.250303004538984,OPTIMAL,11120,0,0,5,0
1,16,74066.0,2.222334844882513,2.250303004538984,OPTIMAL,11128,0,0,2,2
1,16,74084.0,2.2223881462427277,2.250303004538984,OPTIMAL,11134,5,0,3,0
1,16,74136.0,2.2223881462427277,2.250303004538984,OPTIMAL,11140,0,0,8,0
1,16,74152.0,2.2223891418896544,2.250303004538984,OPTIMAL,11145,6,0,3,1
1,16,74218.0,2.2223891418896544,2.250303004538984,OPTIMAL,11150,0,0,3,0
1,16,74238.0,2.222402107115263,2.250303004538984,OPTIMAL,11156,7,0,3,0
1,16,74307.0,2.222402107115263,2.250303004538984,OPTIMAL,11166,0,0,10,2
1,16,74329.0,2.222431475038648,2.250303004538984,OPTIMAL,11174,3,0,6,0
1,16,74394.0,2.222431475038648,2.250303004538984,OPTIMAL,11186,0,0,7,0
1,16,74409.0,2.222711198520619,2.250303004538984,OPTIMAL,11191,4,0,4,0
1,16,74437.0,2.222711198520619,2.250303004538984,OPTIMAL,11197,0,0,3,1
1,16,74444.0,2.2227157565179763,2.250303004538984,OPTIMAL,11199,4,0,1,0
1,16,74521.0,2.2227157565179763,2.250303004538984,OPTIMAL,11212,0,0,10,0
1,16,74546.0,2.2227175463117543,2.250303004538984,OPTIMAL,11220,2,0,8,0
1,16,74575.0,2.2227175463117543,2.250303004538984,OPTIMAL,11231,0,0,7,1
1,16,74590.0,2.2227390263035147,2.250303004538984,OPTIMAL,11236,0,0,6,0
1,16,74625.0,2.2227390263035147,2.250303004538984,OPTIMAL,11249,0,0,9,0
1,16,74638.0,2.222979106114237,2.250303004538984,OPTIMAL,11253,2,0,7,2
1,16,74698.0,2.222979106114237,2.250303004538984,OPTIMAL,11265,0,0,4,0
1,16,74714.0,2.223147200834654,2.250303004538984,OPTIMAL,11270,0,0,5,0
1,16,74769.0,2.223147200834654,2.250303004538984,OPTIMAL,11282,0,0,5,1
1,16,74785.0,2.2236958587690783,2.250303004538984,OPTIMAL,11287,0,0,6,1
1,16,74800.0,2.2236958587690783,2.250303004538984,OPTIMAL,11291,0,0,1,0
1,16,74807.0,2.2237376757636387,2.250303004538984,OPTIMAL,11293,2,0,1,0
1,16,74869.0,2.2237376757636387,2.250303004538984,OPTIMAL,11304,0,0,5,0
1,16,74891.0,2.223758676743439,2.250303004538984,OPTIMAL,11311,2,0,6,0
1,16,74951.0,2.223758676743439,2.250303004538984,OPTIMAL,11314,0,0,9,0
1,16,74972.0,2.223758676743439,2.250303004538984,OPTIMAL,11321,9,0,3,0
1,16,75037.0,2.223758676743439,2.250303004538984,OPTIMAL,11328,0,0,8,0
1,16,75057.0,2.2241778767614555,2.250303004538984,OPTIMAL,11335,6,0,5,0
1,16,75121.0,2.2241778767614555,2.250303004538984,OPTIMAL,11342,0,0,6,0
1,16,75140.0,2.2242066373290776,2.250303004538984,OPTIMAL,11348,6,0,3,0
1,16,75207.0,2.2242066373290776,2.250303004538984,OPTIMAL,11357,0,0,9,0
1,16,75223.0,2.224310860256196,2.250303004538984,OPTIMAL,11362,6,0,4,0
1,16,75262.0,2.224310860256196,2.250303004538984,OPTIMAL,11371,0,0,3,0
1,16,75275.0,2.2243334746019814,2.250303004538984,OPTIMAL,11376,0,0,4,1
1,16,75333.0,2.2243334746019814,2.250303004538984,OPTIMAL,11385,0,0,6,0
1,16,75354.0,2.22438281335491,2.250303004538984,OPTIMAL,11393,2,0,6,0
1,16,75371.0,2.22438281335491,2.250303004538984,OPTIMAL,11398,0,0,6,0
1,16,75395.0,2.224705319927094,2.250303004538984,OPTIMAL,11407,1,0,5,1
1,16,75456.0,2.224705319927094,2.250303004538984,OPTIMAL,11409,0,0,11,0
1,16,75475.0,2.224705319927094,2.250303004538984,OPTIMAL,11415,9,0,4,0
1,16,75543.0,2.224705319927094,2.250303004538984,OPTIMAL,11419,0,0,7,0
1,16,75564.0,2.224705319927094,2.250303004538984,OPTIMAL,11426,8,0,4,0
1,16,75634.0,2.224705319927094,2.250303004538984,OPTIMAL,11435,0,0,9,0
1,16,75651.0,2.2248432623085015,2.250303004538984,OPTIMAL,11440,5,0,6,0
1,16,75716.0,2.2248432623085015,2.250303004538984,OPTIMAL,11448,0,0,10,0
1,16,75734.0,2.224916432273809,2.250303004538984,OPTIMAL,11454,6,0,4,0
1,16,75798.0,2.224916432273809,2.250303004538984,OPTIMAL,11463,0,0,9,1
1,16,75814.0,2.2249414087355115,2.250303004538984,OPTIMAL,11468,5,0,4,0
1,16,75847.0,2.2249414087355115,2.250303004538984,OPTIMAL,11481,0,0,8,1
1,16,75867.0,2.225061483685301,2.250303004538984,OPTIMAL,11489,0,0,6,0
1,16,75921.0,2.225061483685301,2.250303004538984,OPTIMAL,11493,0,0,6,0
1,16,75941.0,2.2256215963242107,2.250303004538984,OPTIMAL,11500,6,0,4,0
1,16,76005.0,2.2256215963242107,2.250303004538984,OPTIMAL,11510,0,0,1,3
1,16,76019.0,2.225634940759953,2.250303004538984,OPTIMAL,11514,0,0,5,1
1,16,76066.0,2.225634940759953,2.250303004538984,OPTIMAL,11518,0,0,7,0
1,16,76085.0,2.225657598424814,2.250303004538984,OPTIMAL,11525,4,0,4,0
1,16,76148.0,2.225657598424814,2.250303004538984,OPTIMAL,11536,0,0,7,1
1,16,76161.0,2.225737853659055,2.250303004538984,OPTIMAL,11540,4,0,4,2
1,16,76227.0,2.225737853659055,2.250303004538984,OPTIMAL,11555,0,0,6,1
1,16,76241.0,2.2258163639497557,2.250303004538984,OPTIMAL,11559,0,0,5,0
1,16,76297.0,2.2258163639497557,2.250303004538984,OPTIMAL,11568,0,0,7,0
1,16,76316.0,2.2258957558011248,2.250303004538984,OPTIMAL,11575,1,0,6,0
1,16,76364.0,2.2258957558011248,2.250303004538984,OPTIMAL,11584,0,0,3,3
1,16,76386.0,2.225973162515922,2.250303004538984,OPTIMAL,11590,1,0,4,1
1,16,76447.0,2.225973162515922,2.250303004538984,OPTIMAL,11600,0,0,7,0
1,16,76465.0,2.226004370542107,2.250303004538984,OPTIMAL,11606,3,0,5,1
1,16,76481.0,2.226004370542107,2.250303004538984,OPTIMAL,11610,0,0,1,0
1,16,76488.0,2.226014674980845,2.250303004538984,OPTIMAL,11612,2,0,1,0
1,16,76515.0,2.226014674980845,2.250303004538984,OPTIMAL,11622,0,0,9,1
1,16,76539.0,2.226244916779958,2.250303004538984,OPTIMAL,11631,1,0,8,0
1,16,76553.0,2.226244916779958,2.250303004538984,OPTIMAL,11636,0,0,2,1
1,16,76560.0,2.226323225082083,2.250303004538984,OPTIMAL,11638,2,0,1,0
1,16,76598.0,2.226323225082083,2.250303004538984,OPTIMAL,11644,0,0,6,0
1,16,76605.0,2.226780834698765,2.250303004538984,OPTIMAL,11646,7,0,1,0
1,16,76631.0,2.226780834698765,2.250303004538984,OPTIMAL,11651,0,0,3,1
1,16,76638.0,2.2267904068744953,2.250303004538984,OPTIMAL,11653,4,0,1,0
1,16,76656.0,2.2267904068744953,2.250303004538984,OPTIMAL,11660,0,0,5,1
1,16,76677.0,2.226953785279305,2.250303004538984,OPTIMAL,11668,0,0,5,1
1,16,76716.0,2.226953785279305,2.250303004538984,OPTIMAL,11673,0,0,7,1
1,16,76723.0,2.227063336323252,2.250303004538984,OPTIMAL,11675,8,0,1,0
1,16,76734.0,2.227063336323252,2.250303004538984,OPTIMAL,11679,0,0,2,0
1,16,76740.0,2.227115194186315,2.250303004538984,OPTIMAL,11681,2,0,1,1
1,16,76756.0,2.227115194186315,2.250303004538984,OPTIMAL,11685,0,0,1,0
1,16,76762.0,2.2272996538793137,2.250303004538984,OPTIMAL,11687,2,0,1,0
1,16,76836.0,2.2272996538793137,2.250303004538984,OPTIMAL,11697,0,0,9,1
1,16,76858.0,2.2273855270151777,2.250303004538984,OPTIMAL,11704,4,0,6,0
1,16,76885.0,2.2273855270151777,2.250303004538984,OPTIMAL,11715,0,0,8,5
1,16,76902.0,2.2274733882185167,2.250303004538984,OPTIMAL,11721,0,0,6,2
1,16,76972.0,2.2274733882185167,2.250303004538984,OPTIMAL,11729,0,0,6,0
1,16,76995.0,2.22759208366967,2.250303004538984,OPTIMAL,11737,7,0,4,0
1,16,77022.0,2.22759208366967,2.250303004538984,OPTIMAL,11747,0,0,11,5
1,16,77039.0,2.227668220768658,2.250303004538984,OPTIMAL,11753,3,0,5,3
1,16,77070.0,2.227668220768658,2.250303004538984,OPTIMAL,11758,0,0,5,0
1,16,77078.0,2.2277690793636715,2.250303004538984,OPTIMAL,11760,6,0,1,0
1,16,77092.0,2.2277690793636715,2.250303004538984,OPTIMAL,11766,0,0,2,1
1,16,77099.0,2.227881710115648,2.250303004538984,OPTIMAL,11768,2,0,1,0
1,16,77115.0,2.227881710115648,2.250303004538984,OPTIMAL,11774,0,0,5,3
1,16,77138.0,2.2279150203966216,2.250303004538984,OPTIMAL,11783,1,0,4,3
1,16,77156.0,2.2279150203966216,2.250303004538984,OPTIMAL,11790,0,0,5,2
1,16,77191.0,2.2280014327145894,2.250303004538984,OPTIMAL,11796,1,0,5,0
1,16,77228.0,2.2280014327145894,2.250303004538984,OPTIMAL,11801,0,0,4,0
1,16,77234.0,2.228174345791411,2.250303004538984,OPTIMAL,11803,5,0,1,0
