seed,dimension,time,lowerBound,upperBound,termination,LMOcalls,localTighteings,globalTightenings,list_active_set_size_cb,list_discarded_set_size_cb
7,75,2394.0,-3.9791830719295738,8.763094369316324,OPTIMAL,75,0,23,47,19
7,75,3747.0,-3.9791830719295738,7.140968605951238,OPTIMAL,99,0,23,49,37
7,75,4043.0,-2.2325797280328787,7.140968605951238,OPTIMAL,168,0,0,50,10
7,75,4299.0,-2.2325797280328787,7.140968605951238,OPTIMAL,186,0,0,49,45
7,75,4660.0,-2.061582306481835,7.140968605951238,OPTIMAL,259,0,0,47,14
7,75,4946.0,-2.061582306481835,7.140968605951238,OPTIMAL,282,0,0,45,63
7,75,5179.0,-1.3526070028955324,7.140968605951238,OPTIMAL,357,0,0,42,18
7,75,5361.0,-1.3526070028955324,7.140968605951238,OPTIMAL,373,0,0,45,70
7,75,5599.0,-1.3526070028955324,7.140968605951238,OPTIMAL,444,0,0,38,23
7,75,5813.0,-1.3526070028955324,6.238467577094809,OPTIMAL,460,0,21,43,78
7,75,5975.0,-1.2062686936106979,6.238467577094809,OPTIMAL,525,0,0,38,15
7,75,6074.0,-1.2062686936106979,6.238467577094809,OPTIMAL,539,0,0,49,17
7,75,6383.0,-0.7283660592436811,6.238467577094809,OPTIMAL,617,0,0,45,18
7,75,6575.0,-0.7283660592436811,6.238467577094809,OPTIMAL,635,0,0,45,77
7,75,6809.0,-0.6167436155876597,6.238467577094809,OPTIMAL,700,0,0,34,20
7,75,7000.0,-0.6167436155876597,6.238467577094809,OPTIMAL,720,0,0,45,81
7,75,7529.0,-0.530042744202959,6.238467577094809,OPTIMAL,781,0,0,35,14
7,75,7749.0,-0.530042744202959,6.238467577094809,OPTIMAL,801,0,0,45,84
7,75,7891.0,-0.43971482209514967,6.238467577094809,OPTIMAL,867,0,0,30,20
7,75,8119.0,-0.43971482209514967,6.238467577094809,OPTIMAL,881,0,0,47,83
7,75,8272.0,-0.41949081535891586,6.238467577094809,OPTIMAL,947,0,0,32,24
7,75,8455.0,-0.41949081535891586,6.238467577094809,OPTIMAL,958,0,0,46,82
7,75,8947.0,-0.41949081535891586,6.238467577094809,OPTIMAL,1009,0,0,31,7
7,75,9148.0,-0.41949081535891586,6.238467577094809,OPTIMAL,1027,0,0,46,85
7,75,9526.0,-0.41949081535891586,6.238467577094809,OPTIMAL,1080,0,0,28,7
7,75,9699.0,-0.41949081535891586,6.238467577094809,OPTIMAL,1095,0,0,46,87
7,75,10053.0,-0.35356277996612995,6.238467577094809,OPTIMAL,1153,0,0,31,5
7,75,10271.0,-0.35356277996612995,6.238467577094809,OPTIMAL,1170,0,0,44,90
7,75,10530.0,-0.35356277996612995,6.238467577094809,OPTIMAL,1219,0,0,20,6
7,75,10723.0,-0.35356277996612995,6.238467577094809,OPTIMAL,1233,0,0,45,92
7,75,11182.0,-0.33496022742021747,6.238467577094809,OPTIMAL,1293,0,0,32,7
7,75,11243.0,-0.33496022742021747,6.238467577094809,OPTIMAL,1308,0,0,43,26
7,75,11601.0,-0.3302804501972163,6.238467577094809,OPTIMAL,1389,0,0,41,20
7,75,11832.0,-0.3302804501972163,6.238467577094809,OPTIMAL,1407,0,0,47,95
7,75,12095.0,-0.3218550038911767,6.238467577094809,OPTIMAL,1446,0,0,26,6
7,75,12293.0,-0.3218550038911767,6.238467577094809,OPTIMAL,1463,0,0,44,96
7,75,12607.0,-0.2964082287841973,6.238467577094809,OPTIMAL,1516,0,0,26,8
7,75,12796.0,-0.2964082287841973,6.238467577094809,OPTIMAL,1528,0,0,44,94
7,75,13137.0,-0.2842824572958784,6.238467577094809,OPTIMAL,1580,0,0,26,3
7,75,13288.0,-0.2842824572958784,6.238467577094809,OPTIMAL,1601,0,0,44,98
7,75,13516.0,-0.26627607341085696,6.238467577094809,OPTIMAL,1656,0,0,22,5
7,75,13623.0,-0.26627607341085696,6.238467577094809,OPTIMAL,1670,0,0,42,100
7,75,14005.0,-0.2519376444885612,6.238467577094809,OPTIMAL,1713,0,0,30,3
7,75,14098.0,-0.2519376444885612,6.238467577094809,OPTIMAL,1726,0,0,43,99
7,75,14508.0,-0.24266153846350963,6.238467577094809,OPTIMAL,1773,0,0,28,5
7,75,14608.0,-0.24266153846350963,6.238467577094809,OPTIMAL,1787,0,0,43,96
7,75,14954.0,-0.22945339156318226,6.238467577094809,OPTIMAL,1842,0,0,25,6
7,75,15036.0,-0.22945339156318226,6.238467577094809,OPTIMAL,1855,0,0,42,93
7,75,15352.0,-0.21570577593804838,6.238467577094809,OPTIMAL,1900,0,0,31,5
7,75,15417.0,-0.21570577593804838,6.238467577094809,OPTIMAL,1913,0,0,41,91
7,75,15679.0,-0.20248002548158117,6.238467577094809,OPTIMAL,1965,0,0,21,11
7,75,15760.0,-0.20248002548158117,6.238467577094809,OPTIMAL,1981,0,0,43,88
7,75,15986.0,-0.19175580784299934,6.238467577094809,OPTIMAL,2019,0,0,24,3
7,75,16048.0,-0.19175580784299934,6.238467577094809,OPTIMAL,2032,0,0,40,88
7,75,16325.0,-0.18050058888808018,6.238467577094809,OPTIMAL,2087,0,0,27,8
7,75,16373.0,-0.18050058888808018,6.238467577094809,OPTIMAL,2098,0,0,39,88
7,75,16695.0,-0.17150198539272604,6.238467577094809,OPTIMAL,2147,0,0,22,3
7,75,16744.0,-0.17150198539272604,6.238467577094809,OPTIMAL,2159,0,0,39,82
7,75,17029.0,-0.15543404381076717,6.238467577094809,OPTIMAL,2194,0,0,23,3
7,75,17055.0,-0.15543404381076717,6.238467577094809,OPTIMAL,2204,0,0,38,81
7,75,17272.0,-0.13815973736510836,6.238467577094809,OPTIMAL,2236,0,0,23,8
7,75,17316.0,-0.13815973736510836,6.238467577094809,OPTIMAL,2249,0,0,39,78
7,75,17488.0,-0.12528513736639457,6.238467577094809,OPTIMAL,2281,0,0,21,2
7,75,17758.0,-0.12528513736639457,6.238467577094809,OPTIMAL,2300,0,0,49,20
7,75,18015.0,-0.1192371501493956,6.238467577094809,OPTIMAL,2379,0,0,39,26
7,75,18040.0,-0.1192371501493956,6.238467577094809,OPTIMAL,2389,0,0,38,77
7,75,18261.0,-0.09537896125176626,6.238467577094809,OPTIMAL,2422,0,0,22,4
7,75,18290.0,-0.09537896125176626,6.238467577094809,OPTIMAL,2432,0,0,37,77
7,75,18450.0,-0.07645976554235379,6.238467577094809,OPTIMAL,2462,0,0,20,1
7,75,18478.0,-0.07645976554235379,6.238467577094809,OPTIMAL,2472,0,0,39,74
7,75,18653.0,-0.0623663759166857,6.238467577094809,OPTIMAL,2517,0,0,20,2
7,75,18682.0,-0.0623663759166857,6.238467577094809,OPTIMAL,2529,0,0,37,72
7,75,18792.0,-0.048192545522697694,6.238467577094809,OPTIMAL,2561,0,0,17,7
7,75,18822.0,-0.048192545522697694,6.238467577094809,OPTIMAL,2574,0,0,35,69
7,75,19006.0,-0.02791747797755384,6.238467577094809,OPTIMAL,2602,0,0,18,3
7,75,19030.0,-0.02791747797755384,6.238467577094809,OPTIMAL,2611,0,0,35,68
7,75,19164.0,-0.006966212732845256,6.238467577094809,OPTIMAL,2638,0,0,17,3
7,75,19191.0,-0.006966212732845256,6.238467577094809,OPTIMAL,2650,0,0,35,66
7,75,19303.0,0.018147290658632687,6.238467577094809,OPTIMAL,2675,0,0,16,1
7,75,19328.0,0.018147290658632687,6.238467577094809,OPTIMAL,2686,0,0,32,66
7,75,19480.0,0.04169862365105148,6.238467577094809,OPTIMAL,2720,0,0,23,3
7,75,19504.0,0.04169862365105148,6.238467577094809,OPTIMAL,2730,0,0,31,65
7,75,19642.0,0.07153898308391327,6.238467577094809,OPTIMAL,2760,0,0,20,1
7,75,19756.0,0.07153898308391327,6.238467577094809,OPTIMAL,2777,0,0,46,24
7,75,20103.0,0.07183539333735744,6.238467577094809,OPTIMAL,2859,0,0,39,25
7,75,20125.0,0.07183539333735744,6.238467577094809,OPTIMAL,2869,0,0,29,61
7,75,20163.0,0.1041996543963219,6.238467577094809,OPTIMAL,2888,0,0,11,1
7,75,20190.0,0.1041996543963219,6.238467577094809,OPTIMAL,2898,0,0,29,58
7,75,20323.0,0.12553451505008306,6.238467577094809,OPTIMAL,2928,0,0,22,6
7,75,20343.0,0.12553451505008306,6.238467577094809,OPTIMAL,2938,0,0,27,56
7,75,20451.0,0.15138347922818401,6.238467577094809,OPTIMAL,2961,0,0,13,4
7,75,20476.0,0.15138347922818401,6.238467577094809,OPTIMAL,2974,0,0,28,54
7,75,20561.0,0.19237958174661962,6.238467577094809,OPTIMAL,3001,0,0,16,4
7,75,20582.0,0.19237958174661962,6.238467577094809,OPTIMAL,3012,0,0,27,52
7,75,20679.0,0.21513705309927333,6.238467577094809,OPTIMAL,3038,0,0,15,4
7,75,20701.0,0.21513705309927333,6.238467577094809,OPTIMAL,3050,0,0,26,51
7,75,20801.0,0.25864233241837065,6.238467577094809,OPTIMAL,3074,0,0,13,3
7,75,20824.0,0.25864233241837065,6.238467577094809,OPTIMAL,3086,0,0,26,49
7,75,20898.0,0.31956687819898894,6.238467577094809,OPTIMAL,3108,0,0,12,3
7,75,20918.0,0.31956687819898894,6.238467577094809,OPTIMAL,3119,0,0,25,47
7,75,20973.0,0.3477775945587558,6.238467577094809,OPTIMAL,3138,0,0,10,2
7,75,21045.0,0.3477775945587558,6.238467577094809,OPTIMAL,3151,0,0,46,27
7,75,21304.0,0.3701152940963873,6.238467577094809,OPTIMAL,3225,0,0,43,17
7,75,21324.0,0.3701152940963873,6.238467577094809,OPTIMAL,3236,0,0,24,45
7,75,21353.0,0.37638038516533623,6.238467577094809,OPTIMAL,3253,0,0,9,3
7,75,21418.0,0.37638038516533623,6.238467577094809,OPTIMAL,3265,0,0,43,20
7,75,21620.0,0.4106642129340269,6.238467577094809,OPTIMAL,3336,0,0,39,20
7,75,21640.0,0.4106642129340269,6.238467577094809,OPTIMAL,3347,0,0,23,41
7,75,21683.0,0.4522305674483491,6.238467577094809,OPTIMAL,3366,0,0,10,3
7,75,21702.0,0.4522305674483491,6.238467577094809,OPTIMAL,3377,0,0,21,39
7,75,21770.0,0.4974325283822303,6.238467577094809,OPTIMAL,3396,0,0,10,4
7,75,21843.0,0.4974325283822303,6.238467577094809,OPTIMAL,3409,0,0,45,31
7,75,22136.0,0.504806466336474,6.238467577094809,OPTIMAL,3478,0,0,44,11
7,75,22155.0,0.504806466336474,6.238467577094809,OPTIMAL,3489,0,0,20,38
7,75,22191.0,0.5519320900781552,6.238467577094809,OPTIMAL,3505,0,0,8,3
7,75,22213.0,0.5519320900781552,6.238467577094809,OPTIMAL,3518,0,0,21,35
7,75,22264.0,0.5662377893049095,6.238467577094809,OPTIMAL,3538,0,0,12,1
7,75,22341.0,0.5662377893049095,6.238467577094809,OPTIMAL,3552,0,0,47,21
7,75,22675.0,0.5923407096894951,6.238467577094809,OPTIMAL,3625,0,0,38,21
7,75,22694.0,0.5923407096894951,6.238467577094809,OPTIMAL,3636,0,0,21,32
7,75,22734.0,0.6405850478295305,6.238467577094809,OPTIMAL,3652,0,0,9,3
7,75,22755.0,0.6405850478295305,6.238467577094809,OPTIMAL,3665,0,0,20,31
7,75,22797.0,0.7518924633535705,6.238467577094809,OPTIMAL,3681,0,0,10,3
7,75,22815.0,0.7518924633535705,6.238467577094809,OPTIMAL,3692,0,0,19,29
7,75,22836.0,0.8015495900440078,6.238467577094809,OPTIMAL,3705,0,0,6,1
7,75,22853.0,0.8015495900440078,6.238467577094809,OPTIMAL,3716,0,0,17,27
7,75,22867.0,0.8479326957394413,6.238467577094809,OPTIMAL,3726,0,0,4,2
7,75,22887.0,0.8479326957394413,6.238467577094809,OPTIMAL,3739,0,0,17,25
7,75,22908.0,0.875036326432352,6.238467577094809,OPTIMAL,3752,0,0,7,2
7,75,22957.0,0.875036326432352,6.238467577094809,OPTIMAL,3762,0,0,44,25
7,75,23231.0,0.902257943275548,6.238467577094809,OPTIMAL,3845,0,0,41,23
7,75,23246.0,0.902257943275548,6.238467577094809,OPTIMAL,3855,0,0,16,23
7,75,23273.0,0.9481758977925124,6.238467577094809,OPTIMAL,3870,0,0,6,3
7,75,23290.0,0.9481758977925124,6.238467577094809,OPTIMAL,3882,0,0,16,22
7,75,23309.0,1.0050502311344465,6.238467577094809,OPTIMAL,3893,0,0,5,3
7,75,23366.0,1.0050502311344465,6.238467577094809,OPTIMAL,3905,0,0,44,29
7,75,23618.0,1.0448945810882033,6.238467577094809,OPTIMAL,3983,0,0,42,17
7,75,23634.0,1.0448945810882033,6.238467577094809,OPTIMAL,3994,0,0,14,22
7,75,23644.0,1.0550048558838592,6.238467577094809,OPTIMAL,4003,0,0,3,1
7,75,23744.0,1.0550048558838592,6.238467577094809,OPTIMAL,4022,0,0,41,32
7,75,23998.0,1.0570932444197845,6.238467577094809,OPTIMAL,4099,0,0,40,22
7,75,24225.0,1.0570932444197845,6.238467577094809,OPTIMAL,4124,0,0,36,33
7,75,24435.0,1.119796511504694,6.238467577094809,OPTIMAL,4194,0,0,37,19
7,75,24450.0,1.119796511504694,6.238467577094809,OPTIMAL,4205,0,0,14,20
7,75,24468.0,1.1743878655840145,6.238467577094809,OPTIMAL,4217,0,0,5,0
7,75,24517.0,1.1743878655840145,6.238467577094809,OPTIMAL,4226,0,0,45,28
7,75,24735.0,1.196559878512061,6.238467577094809,OPTIMAL,4294,0,0,39,15
7,75,24750.0,1.196559878512061,6.238467577094809,OPTIMAL,4305,0,0,13,19
7,75,24770.0,1.288439146557883,6.238467577094809,OPTIMAL,4317,0,0,6,2
7,75,24915.0,1.288439146557883,6.238467577094809,OPTIMAL,4334,0,0,40,36
7,75,25143.0,1.3015411774243861,6.238467577094809,OPTIMAL,4408,0,0,37,26
7,75,25359.0,1.3015411774243861,6.238467577094809,OPTIMAL,4426,0,0,39,28
7,75,25595.0,1.3350640523027395,6.238467577094809,OPTIMAL,4494,0,0,40,21
7,75,25611.0,1.3350640523027395,6.238467577094809,OPTIMAL,4505,0,0,12,18
7,75,25623.0,1.4747631109903554,6.238467577094809,OPTIMAL,4515,0,0,4,1
7,75,25638.0,1.4747631109903554,6.238467577094809,OPTIMAL,4526,0,0,11,17
7,75,25647.0,1.4827367187267768,6.238467577094809,OPTIMAL,4534,0,0,3,1
7,75,25897.0,1.4827367187267768,6.238467577094809,OPTIMAL,4556,0,0,39,22
7,75,26185.0,1.509729006682532,6.238467577094809,OPTIMAL,4627,0,0,37,17
7,75,26250.0,1.509729006682532,6.238467577094809,OPTIMAL,4640,0,0,40,28
7,75,26504.0,1.5326480054632854,6.238467577094809,OPTIMAL,4714,0,0,39,19
7,75,26560.0,1.5326480054632854,6.238467577094809,OPTIMAL,4725,0,0,42,31
7,75,26793.0,1.5605700176123163,6.238467577094809,OPTIMAL,4793,0,0,42,17
7,75,26897.0,1.5605700176123163,6.238467577094809,OPTIMAL,4807,0,0,39,28
7,75,27183.0,1.576513820756052,6.238467577094809,OPTIMAL,4889,0,0,41,23
7,75,27198.0,1.576513820756052,6.238467577094809,OPTIMAL,4900,0,0,10,15
7,75,27205.0,1.6509506513220247,6.238467577094809,OPTIMAL,4906,0,0,2,1
7,75,27292.0,1.6509506513220247,6.238467577094809,OPTIMAL,4921,0,0,39,35
7,75,27524.0,1.7210550127578153,6.238467577094809,OPTIMAL,4986,0,0,41,13
7,75,27538.0,1.7210550127578153,6.238467577094809,OPTIMAL,4996,0,0,9,12
7,75,27548.0,1.7835424501201294,6.238467577094809,OPTIMAL,5005,0,0,3,2
7,75,27605.0,1.7835424501201294,6.238467577094809,OPTIMAL,5019,0,0,40,23
7,75,27864.0,1.80745098025705,6.238467577094809,OPTIMAL,5097,0,0,43,22
7,75,27909.0,1.80745098025705,6.238467577094809,OPTIMAL,5108,0,0,42,20
7,75,28155.0,1.8194043504303927,6.238467577094809,OPTIMAL,5183,0,0,42,19
7,75,28246.0,1.8194043504303927,6.238467577094809,OPTIMAL,5196,0,0,40,34
7,75,28493.0,1.8550357728984879,6.238467577094809,OPTIMAL,5278,0,0,42,23
7,75,28676.0,1.8550357728984879,6.238467577094809,OPTIMAL,5298,0,0,36,31
7,75,28868.0,1.8560005192260483,6.238467577094809,OPTIMAL,5368,0,0,37,21
7,75,28883.0,1.8560005192260483,6.238467577094809,OPTIMAL,5379,0,0,8,10
7,75,28894.0,1.9322166191196422,6.238467577094809,OPTIMAL,5388,0,0,4,3
7,75,28945.0,1.9322166191196422,6.238467577094809,OPTIMAL,5400,0,0,39,27
7,75,29246.0,2.0003235127756596,6.238467577094809,OPTIMAL,5488,0,0,38,36
7,75,29295.0,2.0003235127756596,6.238467577094809,OPTIMAL,5498,0,0,39,38
7,75,29472.0,2.0099128167511218,6.238467577094809,OPTIMAL,5562,0,0,36,22
7,75,29525.0,2.0099128167511218,6.238467577094809,OPTIMAL,5574,0,0,37,21
7,75,29858.0,2.016650177485936,6.238467577094809,OPTIMAL,5644,0,0,40,18
7,75,30026.0,2.016650177485936,6.238467577094809,OPTIMAL,5663,0,0,37,36
7,75,30202.0,2.0581439881345713,6.238467577094809,OPTIMAL,5733,0,0,34,22
7,75,30435.0,2.0581439881345713,6.238467577094809,OPTIMAL,5756,0,0,40,35
7,75,30638.0,2.1288470831146675,6.238467577094809,OPTIMAL,5826,0,0,35,21
7,75,30652.0,2.1288470831146675,6.238467577094809,OPTIMAL,5837,0,0,7,9
7,75,30664.0,2.198903040482792,6.238467577094809,OPTIMAL,5847,0,0,4,2
7,75,30792.0,2.198903040482792,6.238467577094809,OPTIMAL,5871,0,0,38,17
7,75,30935.0,2.2078523791546223,6.238467577094809,OPTIMAL,5930,0,0,28,15
7,75,31140.0,2.2078523791546223,6.238467577094809,OPTIMAL,5952,0,0,42,31
7,75,31320.0,2.2336900155570074,6.238467577094809,OPTIMAL,6016,0,0,39,12
7,75,31389.0,2.2336900155570074,6.238467577094809,OPTIMAL,6034,0,0,40,35
7,75,31655.0,2.3023886618718503,6.238467577094809,OPTIMAL,6104,0,0,38,22
7,75,31811.0,2.3023886618718503,6.238467577094809,OPTIMAL,6128,0,0,40,33
7,75,32032.0,2.3081737263383735,6.238467577094809,OPTIMAL,6196,0,0,40,14
7,75,32081.0,2.3081737263383735,6.238467577094809,OPTIMAL,6208,0,0,40,33
7,75,32276.0,2.3841801090409724,6.238467577094809,OPTIMAL,6277,0,0,36,19
7,75,32420.0,2.3841801090409724,6.238467577094809,OPTIMAL,6296,0,0,40,29
7,75,32656.0,2.3878929651305967,6.238467577094809,OPTIMAL,6374,0,0,40,24
7,75,32820.0,2.3878929651305967,6.238467577094809,OPTIMAL,6394,0,0,42,17
7,75,33113.0,2.3973090104894896,6.238467577094809,OPTIMAL,6469,0,0,36,18
7,75,33126.0,2.3973090104894896,6.238467577094809,OPTIMAL,6479,0,0,6,7
7,75,33142.0,2.5004938129602334,6.238467577094809,OPTIMAL,6481,0,0,1,1
7,75,33212.0,2.5004938129602334,6.238467577094809,OPTIMAL,6492,0,0,40,41
7,75,33420.0,2.517508087723111,6.238467577094809,OPTIMAL,6564,0,0,37,21
7,75,33458.0,2.517508087723111,6.238467577094809,OPTIMAL,6580,0,0,35,28
7,75,33723.0,2.5215304973068435,6.238467577094809,OPTIMAL,6656,0,0,38,20
7,75,33793.0,2.5215304973068435,6.238467577094809,OPTIMAL,6671,0,0,37,22
7,75,33937.0,2.5344795395412962,6.238467577094809,OPTIMAL,6727,0,0,30,14
7,75,34209.0,2.5344795395412962,6.238467577094809,OPTIMAL,6750,0,0,45,29
7,75,34488.0,2.535070248578185,6.238467577094809,OPTIMAL,6825,0,0,38,25
7,75,34606.0,2.535070248578185,6.238467577094809,OPTIMAL,6843,0,0,40,26
7,75,34952.0,2.5759171902057516,6.238467577094809,OPTIMAL,6917,0,0,42,19
7,75,35165.0,2.5759171902057516,6.238467577094809,OPTIMAL,6936,0,0,41,37
7,75,35371.0,2.587110293893776,6.238467577094809,OPTIMAL,7009,0,0,34,26
7,75,35427.0,2.587110293893776,6.238467577094809,OPTIMAL,7021,0,0,39,29
7,75,35622.0,2.5996875392307555,6.238467577094809,OPTIMAL,7092,0,0,35,22
7,75,35846.0,2.5996875392307555,6.238467577094809,OPTIMAL,7114,0,0,42,38
7,75,36082.0,2.6412772078580034,6.238467577094809,OPTIMAL,7185,0,0,34,21
7,75,36135.0,2.6412772078580034,6.238467577094809,OPTIMAL,7198,0,0,40,30
7,75,36401.0,2.661121050951336,6.238467577094809,OPTIMAL,7276,0,0,41,23
7,75,36489.0,2.661121050951336,6.238467577094809,OPTIMAL,7292,0,0,38,31
7,75,36688.0,2.710969145441786,6.238467577094809,OPTIMAL,7365,0,0,40,18
7,75,36729.0,2.710969145441786,6.238467577094809,OPTIMAL,7376,0,0,34,21
7,75,36863.0,2.7262850673370593,6.238467577094809,OPTIMAL,7431,0,0,30,13
7,75,36982.0,2.7262850673370593,6.238467577094809,OPTIMAL,7457,0,0,37,26
7,75,37164.0,2.7447606335071795,6.238467577094809,OPTIMAL,7527,0,0,31,22
7,75,37359.0,2.7447606335071795,6.238467577094809,OPTIMAL,7549,0,0,41,27
7,75,37629.0,2.844883492207013,6.238467577094809,OPTIMAL,7624,0,0,39,16
7,75,37675.0,2.844883492207013,6.238467577094809,OPTIMAL,7635,0,0,37,28
7,75,37870.0,2.8619543279313397,6.238467577094809,OPTIMAL,7706,0,0,38,21
7,75,37883.0,2.8619543279313397,6.238467577094809,OPTIMAL,7717,0,0,5,5
7,75,37886.0,2.9173398569130105,6.238467577094809,OPTIMAL,7719,0,0,1,2
7,75,38033.0,2.9173398569130105,6.238467577094809,OPTIMAL,7736,0,0,39,43
7,75,38204.0,2.952925634729586,6.238467577094809,OPTIMAL,7807,0,0,32,22
7,75,38273.0,2.952925634729586,6.238467577094809,OPTIMAL,7826,0,0,37,46
7,75,38515.0,2.9629351646841613,6.238467577094809,OPTIMAL,7897,0,0,41,21
7,75,38677.0,2.9629351646841613,6.238467577094809,OPTIMAL,7918,0,0,37,23
7,75,38899.0,2.966854328178884,6.238467577094809,OPTIMAL,7988,0,0,36,23
7,75,38942.0,2.966854328178884,6.238467577094809,OPTIMAL,7996,0,0,37,34
7,75,39129.0,2.9764270538304327,6.238467577094809,OPTIMAL,8067,0,0,36,22
7,75,39189.0,2.9764270538304327,6.238467577094809,OPTIMAL,8077,0,0,40,34
7,75,39379.0,2.997837973862663,6.238467577094809,OPTIMAL,8149,0,0,39,22
7,75,39556.0,2.997837973862663,6.238467577094809,OPTIMAL,8168,0,0,44,19
7,75,39837.0,3.0129670254586705,6.238467577094809,OPTIMAL,8249,0,0,40,28
7,75,39894.0,3.0129670254586705,6.238467577094809,OPTIMAL,8263,0,0,38,18
7,75,40187.0,3.0615386216291425,6.238467577094809,OPTIMAL,8342,0,0,38,25
7,75,40251.0,3.0615386216291425,6.238467577094809,OPTIMAL,8353,0,0,41,22
7,75,40438.0,3.0686470279370544,6.238467577094809,OPTIMAL,8423,0,0,36,18
7,75,40620.0,3.0686470279370544,6.238467577094809,OPTIMAL,8447,0,0,36,27
7,75,40730.0,3.1282671389715118,6.238467577094809,OPTIMAL,8497,0,0,30,15
7,75,40912.0,3.1282671389715118,6.238467577094809,OPTIMAL,8517,0,0,37,41
7,75,41074.0,3.1382781715029573,6.238467577094809,OPTIMAL,8577,0,0,33,15
7,75,41137.0,3.1382781715029573,6.238467577094809,OPTIMAL,8592,0,0,41,24
7,75,41324.0,3.1904627721523915,6.238467577094809,OPTIMAL,8662,0,0,37,19
7,75,41372.0,3.1904627721523915,6.238467577094809,OPTIMAL,8671,0,0,39,40
7,75,41606.0,3.2249699649921704,6.238467577094809,OPTIMAL,8750,0,0,38,23
7,75,41619.0,3.2249699649921704,6.238467577094809,OPTIMAL,8760,0,0,4,4
7,75,41621.0,3.261709223694373,6.238467577094809,OPTIMAL,8762,0,0,1,2
7,75,41665.0,3.261709223694373,6.238467577094809,OPTIMAL,8772,0,0,37,24
7,75,41887.0,3.2982001899090454,6.238467577094809,OPTIMAL,8840,0,0,40,14
7,75,41936.0,3.2982001899090454,6.238467577094809,OPTIMAL,8854,0,0,36,22
7,75,42209.0,3.312752826409593,6.238467577094809,OPTIMAL,8933,0,0,40,19
7,75,42371.0,3.312752826409593,6.238467577094809,OPTIMAL,8952,0,0,35,25
7,75,42582.0,3.3136058969616062,6.238467577094809,OPTIMAL,9025,0,0,36,21
7,75,42777.0,3.3136058969616062,6.238467577094809,OPTIMAL,9047,0,0,38,29
7,75,42966.0,3.319117022340063,6.238467577094809,OPTIMAL,9110,0,0,33,19
7,75,43024.0,3.319117022340063,6.238467577094809,OPTIMAL,9119,0,0,36,45
7,75,43187.0,3.3798027768749233,6.238467577094809,OPTIMAL,9183,0,0,39,20
7,75,43284.0,3.3798027768749233,6.238467577094809,OPTIMAL,9196,0,0,42,35
7,75,43538.0,3.4046022070692006,6.238467577094809,OPTIMAL,9270,0,0,37,20
7,75,43748.0,3.4046022070692006,6.238467577094809,OPTIMAL,9289,0,0,42,20
7,75,43962.0,3.4130365082745824,6.238467577094809,OPTIMAL,9362,0,0,40,20
7,75,44013.0,3.4130365082745824,6.238467577094809,OPTIMAL,9378,0,0,41,33
7,75,44298.0,3.4221316499394834,6.238467577094809,OPTIMAL,9457,0,0,40,21
7,75,44510.0,3.4221316499394834,6.238467577094809,OPTIMAL,9473,0,0,42,23
7,75,44708.0,3.436513045701088,6.238467577094809,OPTIMAL,9538,0,0,34,18
7,75,44935.0,3.436513045701088,6.238467577094809,OPTIMAL,9558,0,0,41,32
7,75,45188.0,3.477751742610309,6.238467577094809,OPTIMAL,9628,0,0,36,20
7,75,45388.0,3.477751742610309,6.238467577094809,OPTIMAL,9647,0,0,37,19
7,75,45616.0,3.4950866935980835,6.238467577094809,OPTIMAL,9722,0,0,38,24
7,75,45772.0,3.4950866935980835,6.238467577094809,OPTIMAL,9743,0,0,38,37
7,75,45940.0,3.5033311691291624,6.238467577094809,OPTIMAL,9812,0,0,26,28
7,75,45992.0,3.5033311691291624,6.238467577094809,OPTIMAL,9824,0,0,39,24
7,75,46238.0,3.533895077039227,6.238467577094809,OPTIMAL,9898,0,0,40,16
7,75,46274.0,3.533895077039227,6.238467577094809,OPTIMAL,9909,0,0,35,42
7,75,46606.0,3.5412242729063284,6.238467577094809,OPTIMAL,9989,0,0,38,25
7,75,46650.0,3.5412242729063284,6.238467577094809,OPTIMAL,10001,0,0,37,31
7,75,46819.0,3.554502208403744,6.238467577094809,OPTIMAL,10068,0,0,38,14
7,75,47015.0,3.554502208403744,6.238467577094809,OPTIMAL,10088,0,0,32,36
7,75,47158.0,3.6185110536547906,6.238467577094809,OPTIMAL,10140,0,0,28,15
7,75,47211.0,3.6185110536547906,6.238467577094809,OPTIMAL,10150,0,0,36,22
7,75,47488.0,3.6400360298154286,6.238467577094809,OPTIMAL,10229,0,0,36,27
7,75,47529.0,3.6400360298154286,6.238467577094809,OPTIMAL,10241,0,0,36,46
7,75,47710.0,3.644614895796991,6.238467577094809,OPTIMAL,10310,0,0,37,21
7,75,47760.0,3.644614895796991,6.238467577094809,OPTIMAL,10323,0,0,33,35
7,75,48009.0,3.6689136136821245,6.238467577094809,OPTIMAL,10399,0,0,42,19
7,75,48287.0,3.6689136136821245,6.238467577094809,OPTIMAL,10420,0,0,40,13
7,75,48453.0,3.6824033409924932,6.238467577094809,OPTIMAL,10485,0,0,34,15
7,75,48633.0,3.6824033409924932,6.238467577094809,OPTIMAL,10513,0,0,36,35
7,75,48861.0,3.6968316005686312,6.238467577094809,OPTIMAL,10584,0,0,34,21
7,75,48873.0,3.6968316005686312,6.238467577094809,OPTIMAL,10593,0,0,3,4
7,75,48875.0,3.7148882607033915,6.238467577094809,OPTIMAL,10595,0,0,1,1
7,75,48951.0,3.7148882607033915,6.238467577094809,OPTIMAL,10609,0,0,41,21
7,75,49288.0,3.723355783699267,6.238467577094809,OPTIMAL,10690,0,0,41,20
7,75,49326.0,3.723355783699267,6.238467577094809,OPTIMAL,10698,0,0,35,44
7,75,49446.0,3.7350593388916913,6.238467577094809,OPTIMAL,10753,0,0,32,11
7,75,49480.0,3.7350593388916913,6.238467577094809,OPTIMAL,10762,0,0,32,31
7,75,49671.0,3.7482428708031454,6.238467577094809,OPTIMAL,10830,0,0,31,26
7,75,49807.0,3.7482428708031454,6.238467577094809,OPTIMAL,10845,0,0,43,23
7,75,50044.0,3.7763169950872078,6.238467577094809,OPTIMAL,10919,0,0,43,20
7,75,50198.0,3.7763169950872078,6.238467577094809,OPTIMAL,10937,0,0,38,32
7,75,50392.0,3.7856933186973354,6.238467577094809,OPTIMAL,11011,0,0,36,23
7,75,50585.0,3.7856933186973354,6.238467577094809,OPTIMAL,11031,0,0,37,31
7,75,50794.0,3.7962903237464554,6.238467577094809,OPTIMAL,11104,0,0,39,22
7,75,50911.0,3.7962903237464554,6.238467577094809,OPTIMAL,11122,0,0,37,41
7,75,51033.0,3.801158899215478,6.238467577094809,OPTIMAL,11182,0,0,26,20
7,75,51091.0,3.801158899215478,6.238467577094809,OPTIMAL,11199,0,0,34,30
7,75,51286.0,3.8055328318258255,6.238467577094809,OPTIMAL,11270,0,0,36,20
7,75,51382.0,3.8055328318258255,6.238467577094809,OPTIMAL,11287,0,0,41,25
7,75,51657.0,3.812779108471017,6.238467577094809,OPTIMAL,11368,0,0,36,29
7,75,51685.0,3.812779108471017,6.238467577094809,OPTIMAL,11377,0,0,32,10
7,75,51782.0,3.8163035174830995,6.238467577094809,OPTIMAL,11425,0,0,26,12
7,75,51864.0,3.8163035174830995,6.238467577094809,OPTIMAL,11441,0,0,37,31
7,75,52117.0,3.880328655791644,6.238467577094809,OPTIMAL,11512,0,0,36,18
7,75,52278.0,3.880328655791644,6.238467577094809,OPTIMAL,11532,0,0,37,38
7,75,52449.0,3.8838892649081584,6.238467577094809,OPTIMAL,11605,0,0,31,28
7,75,52491.0,3.8838892649081584,6.238467577094809,OPTIMAL,11625,0,0,27,10
7,75,52603.0,3.885845996582842,6.238467577094809,OPTIMAL,11676,0,0,24,21
7,75,52647.0,3.885845996582842,6.238467577094809,OPTIMAL,11689,0,0,36,24
7,75,52879.0,3.893350581165838,6.238467577094809,OPTIMAL,11764,0,0,35,24
7,75,53060.0,3.893350581165838,6.238467577094809,OPTIMAL,11785,0,0,38,27
7,75,53238.0,3.9000874490875974,6.238467577094809,OPTIMAL,11855,0,0,32,23
7,75,53291.0,3.9000874490875974,6.238467577094809,OPTIMAL,11869,0,0,35,28
7,75,53469.0,3.918579940561283,6.238467577094809,OPTIMAL,11938,0,0,36,22
7,75,53507.0,3.918579940561283,6.238467577094809,OPTIMAL,11950,0,0,33,27
7,75,53682.0,3.926013750222274,6.238467577094809,OPTIMAL,12014,0,0,36,16
7,75,53858.0,3.926013750222274,6.238467577094809,OPTIMAL,12050,0,0,29,19
7,75,53939.0,3.9387147804298017,6.238467577094809,OPTIMAL,12094,0,0,26,12
7,75,53990.0,3.9387147804298017,6.238467577094809,OPTIMAL,12109,0,0,39,20
7,75,54202.0,3.9700978371344546,6.238467577094809,OPTIMAL,12185,0,0,39,19
7,75,54299.0,3.9700978371344546,6.238467577094809,OPTIMAL,12210,0,0,34,47
7,75,54444.0,3.9719600328953293,6.238467577094809,OPTIMAL,12271,0,0,36,16
7,75,54499.0,3.9719600328953293,6.238467577094809,OPTIMAL,12284,0,0,40,35
7,75,54731.0,3.9816745156696527,6.238467577094809,OPTIMAL,12365,0,0,41,25
7,75,54801.0,3.9816745156696527,6.238467577094809,OPTIMAL,12383,0,0,29,13
7,75,54915.0,3.982724599699149,6.238467577094809,OPTIMAL,12443,0,0,27,16
7,75,54951.0,3.982724599699149,6.238467577094809,OPTIMAL,12458,0,0,38,22
7,75,55144.0,3.9916434556453257,6.238467577094809,OPTIMAL,12534,0,0,37,21
7,75,55363.0,3.9916434556453257,6.238467577094809,OPTIMAL,12557,0,0,43,26
7,75,55553.0,3.996124050032258,6.238467577094809,OPTIMAL,12630,0,0,38,21
7,75,55579.0,3.996124050032258,6.238467577094809,OPTIMAL,12639,0,0,29,14
7,75,55689.0,4.019112187362104,6.238467577094809,OPTIMAL,12686,0,0,27,12
7,75,55779.0,4.019112187362104,6.238467577094809,OPTIMAL,12704,0,0,39,29
7,75,56014.0,4.061967816812606,6.238467577094809,OPTIMAL,12784,0,0,41,26
7,75,56151.0,4.061967816812606,6.238467577094809,OPTIMAL,12802,0,0,40,25
7,75,56358.0,4.0681368201511106,6.238467577094809,OPTIMAL,12880,0,0,34,28
7,75,56406.0,4.0681368201511106,6.238467577094809,OPTIMAL,12893,0,0,39,36
7,75,56592.0,4.086284244501446,6.238467577094809,OPTIMAL,12969,0,0,41,22
7,75,56665.0,4.086284244501446,6.238467577094809,OPTIMAL,12984,0,0,34,46
7,75,56758.0,4.108173710176487,6.238467577094809,OPTIMAL,13036,0,0,32,15
7,75,56800.0,4.108173710176487,6.238467577094809,OPTIMAL,13047,0,0,37,29
7,75,57007.0,4.114744184737633,6.238467577094809,OPTIMAL,13120,0,0,37,20
7,75,57138.0,4.114744184737633,6.238467577094809,OPTIMAL,13138,0,0,35,24
7,75,57293.0,4.115222408678223,6.238467577094809,OPTIMAL,13203,0,0,34,20
7,75,57406.0,4.115222408678223,6.238467577094809,OPTIMAL,13222,0,0,26,15
7,75,57490.0,4.150863785663423,6.238467577094809,OPTIMAL,13261,0,0,25,10
7,75,57527.0,4.150863785663423,6.238467577094809,OPTIMAL,13274,0,0,30,24
7,75,57644.0,4.1641174130712315,6.238467577094809,OPTIMAL,13334,0,0,32,18
7,75,57701.0,4.1641174130712315,6.238467577094809,OPTIMAL,13351,0,0,31,36
7,75,57863.0,4.169638751878852,6.238467577094809,OPTIMAL,13414,0,0,36,17
7,75,58035.0,4.169638751878852,6.238467577094809,OPTIMAL,13447,0,0,25,11
7,75,58120.0,4.197879506645994,6.238467577094809,OPTIMAL,13499,0,0,26,22
7,75,58256.0,4.197879506645994,6.238467577094809,OPTIMAL,13517,0,0,39,40
7,75,58439.0,4.199635272591081,6.238467577094809,OPTIMAL,13596,0,0,37,29
7,75,58480.0,4.199635272591081,6.238467577094809,OPTIMAL,13606,0,0,35,43
7,75,58644.0,4.213644029239349,6.238467577094809,OPTIMAL,13671,0,0,34,21
7,75,58789.0,4.213644029239349,6.238467577094809,OPTIMAL,13691,0,0,37,38
7,75,58919.0,4.216668827815635,6.238467577094809,OPTIMAL,13754,0,0,39,15
7,75,59105.0,4.216668827815635,6.238467577094809,OPTIMAL,13777,0,0,41,23
7,75,59281.0,4.224061004947296,6.238467577094809,OPTIMAL,13846,0,0,40,15
7,75,59540.0,4.224061004947296,6.238467577094809,OPTIMAL,13867,0,0,42,32
7,75,59703.0,4.224278716424479,6.238467577094809,OPTIMAL,13934,0,0,39,16
7,75,59759.0,4.224278716424479,6.238467577094809,OPTIMAL,13949,0,0,42,24
7,75,59936.0,4.227461049183263,6.238467577094809,OPTIMAL,14014,0,0,30,21
7,75,60062.0,4.227461049183263,6.238467577094809,OPTIMAL,14034,0,0,36,44
7,75,60181.0,4.238550992084095,6.238467577094809,OPTIMAL,14088,0,0,29,18
7,75,60216.0,4.238550992084095,6.238467577094809,OPTIMAL,14097,0,0,38,48
7,75,60377.0,4.245092530022362,6.238467577094809,OPTIMAL,14163,0,0,34,21
7,75,60438.0,4.245092530022362,6.238467577094809,OPTIMAL,14181,0,0,41,25
7,75,60620.0,4.24667974123669,6.238467577094809,OPTIMAL,14248,0,0,39,16
7,75,60647.0,4.24667974123669,6.238467577094809,OPTIMAL,14257,0,0,32,49
7,75,60837.0,4.247743746559652,6.238467577094809,OPTIMAL,14332,0,0,39,24
7,75,60989.0,4.247743746559652,6.238467577094809,OPTIMAL,14356,0,0,38,25
7,75,61094.0,4.280829473863294,6.238467577094809,OPTIMAL,14412,0,0,31,15
7,75,61115.0,4.280829473863294,6.238467577094809,OPTIMAL,14420,0,0,23,15
7,75,61185.0,4.2864759333734685,6.238467577094809,OPTIMAL,14467,0,0,27,12
7,75,61285.0,4.2864759333734685,6.238467577094809,OPTIMAL,14491,0,0,30,12
7,75,61432.0,4.329195500678797,6.238467577094809,OPTIMAL,14547,0,0,23,20
7,75,61480.0,4.329195500678797,6.238467577094809,OPTIMAL,14560,0,0,40,28
7,75,61691.0,4.329778329683045,6.238467577094809,OPTIMAL,14640,0,0,36,27
7,75,61823.0,4.329778329683045,6.238467577094809,OPTIMAL,14658,0,0,36,29
7,75,61999.0,4.331048577000172,6.238467577094809,OPTIMAL,14724,0,0,39,17
7,75,62050.0,4.331048577000172,6.238467577094809,OPTIMAL,14735,0,0,42,26
7,75,62290.0,4.3333982542156635,6.238467577094809,OPTIMAL,14812,0,0,34,25
7,75,62329.0,4.3333982542156635,6.238467577094809,OPTIMAL,14826,0,0,36,14
7,75,62478.0,4.349774180166041,6.238467577094809,OPTIMAL,14894,0,0,28,20
7,75,62527.0,4.349774180166041,6.238467577094809,OPTIMAL,14911,0,0,39,33
7,75,62765.0,4.354317860434111,6.238467577094809,OPTIMAL,14990,0,0,39,24
7,75,62870.0,4.354317860434111,6.238467577094809,OPTIMAL,15008,0,0,40,19
7,75,63039.0,4.393341342881901,6.238467577094809,OPTIMAL,15072,0,0,37,18
7,75,63095.0,4.393341342881901,6.238467577094809,OPTIMAL,15082,0,0,38,31
7,75,63240.0,4.403124409430723,6.238467577094809,OPTIMAL,15140,0,0,32,17
7,75,63290.0,4.403124409430723,6.238467577094809,OPTIMAL,15152,0,0,40,46
7,75,63403.0,4.4223200122267645,6.238467577094809,OPTIMAL,15215,0,0,38,21
7,75,63577.0,4.4223200122267645,6.238467577094809,OPTIMAL,15238,0,0,43,35
7,75,63744.0,4.4245790357768495,6.238467577094809,OPTIMAL,15309,0,0,38,25
7,75,63824.0,4.4245790357768495,6.238467577094809,OPTIMAL,15328,0,0,37,27
7,75,63930.0,4.433439572853393,6.238467577094809,OPTIMAL,15380,0,0,32,13
7,75,63954.0,4.433439572853393,6.238467577094809,OPTIMAL,15389,0,0,32,22
7,75,64131.0,4.458690273582024,6.238467577094809,OPTIMAL,15463,0,0,36,20
7,75,64291.0,4.458690273582024,6.238467577094809,OPTIMAL,15479,0,0,20,14
7,75,64377.0,4.473743816414838,6.238467577094809,OPTIMAL,15523,0,0,24,12
7,75,64387.0,4.473743816414838,6.238467577094809,OPTIMAL,15532,0,0,2,2
7,75,64389.0,4.476171167066523,6.238467577094809,OPTIMAL,15534,0,0,1,0
7,75,64631.0,4.476171167066523,6.238467577094809,OPTIMAL,15560,0,0,40,42
7,75,64867.0,4.477513312737794,6.238467577094809,OPTIMAL,15627,0,0,39,14
7,75,65004.0,4.477513312737794,6.238467577094809,OPTIMAL,15647,0,0,31,44
7,75,65107.0,4.49336086442722,6.238467577094809,OPTIMAL,15703,0,0,30,17
7,75,65141.0,4.49336086442722,6.238467577094809,OPTIMAL,15715,0,0,38,26
7,75,65286.0,4.507373814760106,6.238467577094809,OPTIMAL,15787,0,0,36,20
7,75,65447.0,4.507373814760106,6.238467577094809,OPTIMAL,15807,0,0,37,32
7,75,65563.0,4.523542292177236,6.238467577094809,OPTIMAL,15871,0,0,36,23
7,75,65587.0,4.523542292177236,6.238467577094809,OPTIMAL,15880,0,0,35,23
7,75,65768.0,4.532282285268672,6.238467577094809,OPTIMAL,15954,0,0,36,23
7,75,65799.0,4.532282285268672,6.238467577094809,OPTIMAL,15964,0,0,34,25
7,75,65985.0,4.535621405087529,6.238467577094809,OPTIMAL,16034,0,0,38,19
7,75,66101.0,4.535621405087529,6.238467577094809,OPTIMAL,16056,0,0,24,19
7,75,66195.0,4.538691716954667,6.238467577094809,OPTIMAL,16107,0,0,29,15
7,75,66232.0,4.538691716954667,6.238467577094809,OPTIMAL,16118,0,0,37,43
7,75,66337.0,4.5445246467502445,6.238467577094809,OPTIMAL,16173,0,0,32,21
7,75,66453.0,4.5445246467502445,6.238467577094809,OPTIMAL,16191,0,0,39,21
7,75,66655.0,4.559645951748817,6.238467577094809,OPTIMAL,16261,0,0,39,19
7,75,66682.0,4.559645951748817,6.238467577094809,OPTIMAL,16271,0,0,39,27
7,75,66833.0,4.570315471031285,6.238467577094809,OPTIMAL,16331,0,0,36,11
7,75,66985.0,4.570315471031285,6.238467577094809,OPTIMAL,16351,0,0,40,23
7,75,67167.0,4.5797146223828715,6.238467577094809,OPTIMAL,16425,0,0,31,29
7,75,67230.0,4.5797146223828715,6.238467577094809,OPTIMAL,16443,0,0,38,29
7,75,67383.0,4.600153350236871,6.238467577094809,OPTIMAL,16513,0,0,36,25
7,75,67409.0,4.600153350236871,6.238467577094809,OPTIMAL,16526,0,0,32,15
7,75,67520.0,4.612228125998705,6.238467577094809,OPTIMAL,16580,0,0,28,15
7,75,67553.0,4.612228125998705,6.238467577094809,OPTIMAL,16590,0,0,34,30
7,75,67771.0,4.613470733162634,6.238467577094809,OPTIMAL,16665,0,0,42,19
7,75,67884.0,4.613470733162634,6.238467577094809,OPTIMAL,16695,0,0,26,15
7,75,67956.0,4.630827098848419,6.238467577094809,OPTIMAL,16739,0,0,24,20
7,75,68028.0,4.630827098848419,6.238467577094809,OPTIMAL,16758,0,0,36,43
7,75,68241.0,4.646628568892715,6.238467577094809,OPTIMAL,16830,0,0,40,18
7,75,68355.0,4.646628568892715,6.238467577094809,OPTIMAL,16845,0,0,35,27
7,75,68485.0,4.66060576552011,6.238467577094809,OPTIMAL,16906,0,0,32,22
7,75,68549.0,4.66060576552011,6.238467577094809,OPTIMAL,16917,0,0,36,28
7,75,68793.0,4.6653925013821596,6.238467577094809,OPTIMAL,16990,0,0,40,17
7,75,68842.0,4.6653925013821596,6.238467577094809,OPTIMAL,17001,0,0,33,48
7,75,68957.0,4.670535111752199,6.238467577094809,OPTIMAL,17060,0,0,32,15
7,75,69085.0,4.670535111752199,6.238467577094809,OPTIMAL,17079,0,0,34,29
7,75,69220.0,4.672933253804496,6.238467577094809,OPTIMAL,17149,0,0,31,26
7,75,69351.0,4.672933253804496,6.238467577094809,OPTIMAL,17170,0,0,42,32
7,75,69505.0,4.716071574687376,6.238467577094809,OPTIMAL,17234,0,0,36,19
7,75,69617.0,4.716071574687376,6.238467577094809,OPTIMAL,17253,0,0,36,31
7,75,69738.0,4.718409253844319,6.238467577094809,OPTIMAL,17314,0,0,34,21
7,75,69784.0,4.718409253844319,6.238467577094809,OPTIMAL,17326,0,0,35,54
7,75,69902.0,4.722889701585968,6.238467577094809,OPTIMAL,17388,0,0,31,20
7,75,69993.0,4.722889701585968,6.238467577094809,OPTIMAL,17409,0,0,26,15
7,75,70050.0,4.723282839546319,6.238467577094809,OPTIMAL,17450,0,0,24,12
7,75,70166.0,4.723282839546319,6.238467577094809,OPTIMAL,17469,0,0,37,24
7,75,70329.0,4.780962488667391,6.238467577094809,OPTIMAL,17535,0,0,34,20
7,75,70387.0,4.780962488667391,6.238467577094809,OPTIMAL,17555,0,0,26,30
7,75,70491.0,4.786751352992963,6.238467577094809,OPTIMAL,17605,0,0,27,15
7,75,70604.0,4.786751352992963,6.238467577094809,OPTIMAL,17622,0,0,34,42
7,75,70767.0,4.808421752641172,6.238467577094809,OPTIMAL,17693,0,0,36,24
7,75,70830.0,4.808421752641172,6.238467577094809,OPTIMAL,17715,0,0,22,16
7,75,70895.0,4.811113486492424,6.238467577094809,OPTIMAL,17755,0,0,18,12
7,75,70933.0,4.811113486492424,6.238467577094809,OPTIMAL,17766,0,0,31,26
7,75,71198.0,4.813718099208398,6.238467577094809,OPTIMAL,17849,0,0,36,29
7,75,71340.0,4.813718099208398,6.238467577094809,OPTIMAL,17865,0,0,35,33
7,75,71439.0,4.8170949205868965,6.238467577094809,OPTIMAL,17916,0,0,26,15
7,75,71470.0,4.8170949205868965,6.238467577094809,OPTIMAL,17931,0,0,29,23
7,75,71570.0,4.828383994208144,6.238467577094809,OPTIMAL,17985,0,0,26,19
7,75,71644.0,4.828383994208144,6.238467577094809,OPTIMAL,18006,0,0,22,20
7,75,71721.0,4.831148339224076,6.238467577094809,OPTIMAL,18048,0,0,18,15
7,75,71902.0,4.831148339224076,6.238467577094809,OPTIMAL,18070,0,0,45,29
7,75,72040.0,4.832356199374247,6.238467577094809,OPTIMAL,18133,0,0,36,18
7,75,72188.0,4.832356199374247,6.238467577094809,OPTIMAL,18153,0,0,32,27
7,75,72272.0,4.852938390984832,6.238467577094809,OPTIMAL,18198,0,0,25,13
7,75,72315.0,4.852938390984832,6.238467577094809,OPTIMAL,18211,0,0,32,26
7,75,72423.0,4.853849770986775,6.238467577094809,OPTIMAL,18261,0,0,28,13
7,75,72514.0,4.853849770986775,6.238467577094809,OPTIMAL,18282,0,0,21,15
7,75,72575.0,4.858455852278949,6.238467577094809,OPTIMAL,18320,0,0,15,15
7,75,72617.0,4.858455852278949,6.238467577094809,OPTIMAL,18335,0,0,39,27
7,75,72887.0,4.8667027795493185,6.238467577094809,OPTIMAL,18415,0,0,42,19
7,75,72932.0,4.8667027795493185,6.238467577094809,OPTIMAL,18428,0,0,37,28
7,75,73102.0,4.880800673071834,6.238467577094809,OPTIMAL,18501,0,0,37,25
7,75,73192.0,4.880800673071834,6.238467577094809,OPTIMAL,18521,0,0,39,28
7,75,73332.0,4.883947455671717,6.238467577094809,OPTIMAL,18582,0,0,31,17
7,75,73392.0,4.883947455671717,6.238467577094809,OPTIMAL,18596,0,0,36,27
7,75,73595.0,4.902772522181019,6.238467577094809,OPTIMAL,18667,0,0,40,22
7,75,73741.0,4.902772522181019,6.238467577094809,OPTIMAL,18689,0,0,37,40
7,75,73895.0,4.912925272056216,6.238467577094809,OPTIMAL,18757,0,0,33,25
7,75,73942.0,4.912925272056216,6.238467577094809,OPTIMAL,18771,0,0,26,20
7,75,74085.0,4.92846400389255,6.238467577094809,OPTIMAL,18835,0,0,31,21
7,75,74113.0,4.92846400389255,6.238467577094809,OPTIMAL,18844,0,0,28,40
7,75,74234.0,4.933403574978854,6.238467577094809,OPTIMAL,18908,0,0,36,17
7,75,74414.0,4.933403574978854,6.238467577094809,OPTIMAL,18934,0,0,24,15
7,75,74485.0,4.940549894047737,6.238467577094809,OPTIMAL,18974,0,0,22,18
7,75,74514.0,4.940549894047737,6.238467577094809,OPTIMAL,18984,0,0,32,27
7,75,74643.0,4.954120160312164,6.238467577094809,OPTIMAL,19044,0,0,38,17
7,75,74670.0,4.954120160312164,6.238467577094809,OPTIMAL,19054,0,0,36,31
7,75,74863.0,4.974760703142247,6.238467577094809,OPTIMAL,19128,0,0,37,22
7,75,74971.0,4.974760703142247,6.238467577094809,OPTIMAL,19149,0,0,34,45
7,75,75046.0,4.975619038973481,6.238467577094809,OPTIMAL,19196,0,0,26,17
7,75,75123.0,4.975619038973481,6.238467577094809,OPTIMAL,19214,0,0,24,23
7,75,75220.0,4.996069002156908,6.238467577094809,OPTIMAL,19263,0,0,22,20
7,75,75312.0,4.996069002156908,6.238467577094809,OPTIMAL,19278,0,0,38,28
7,75,75466.0,5.0070261048403095,6.238467577094809,OPTIMAL,19344,0,0,43,16
7,75,75506.0,5.0070261048403095,6.238467577094809,OPTIMAL,19355,0,0,37,32
7,75,75693.0,5.007714385817168,6.238467577094809,OPTIMAL,19429,0,0,41,22
7,75,75743.0,5.007714385817168,6.238467577094809,OPTIMAL,19439,0,0,36,20
7,75,75907.0,5.011119544562436,6.238467577094809,OPTIMAL,19507,0,0,40,17
7,75,76023.0,5.011119544562436,6.238467577094809,OPTIMAL,19528,0,0,40,21
7,75,76160.0,5.016122477157724,6.238467577094809,OPTIMAL,19590,0,0,34,18
7,75,76218.0,5.016122477157724,6.238467577094809,OPTIMAL,19606,0,0,36,21
7,75,76343.0,5.039504026197197,6.238467577094809,OPTIMAL,19669,0,0,32,22
7,75,76371.0,5.039504026197197,6.238467577094809,OPTIMAL,19678,0,0,39,29
7,75,76581.0,5.040923115167602,6.238467577094809,OPTIMAL,19752,0,0,37,20
7,75,76618.0,5.040923115167602,6.238467577094809,OPTIMAL,19765,0,0,32,15
7,75,76711.0,5.043587415196421,6.238467577094809,OPTIMAL,19815,0,0,26,14
7,75,76878.0,5.043587415196421,6.238467577094809,OPTIMAL,19835,0,0,34,24
7,75,77025.0,5.052449604568304,6.238467577094809,OPTIMAL,19903,0,0,37,20
7,75,77122.0,5.052449604568304,6.238467577094809,OPTIMAL,19929,0,0,24,18
7,75,77213.0,5.055114078800206,6.238467577094809,OPTIMAL,19979,0,0,26,18
7,75,77269.0,5.055114078800206,6.238467577094809,OPTIMAL,19995,0,0,28,51
7,75,77355.0,5.072253657831227,6.238467577094809,OPTIMAL,20047,0,0,31,14
7,75,77434.0,5.072253657831227,6.238467577094809,OPTIMAL,20059,0,0,40,28
7,75,77568.0,5.075769223082642,6.238467577094809,OPTIMAL,20120,0,0,38,12
7,75,77620.0,5.075769223082642,6.238467577094809,OPTIMAL,20134,0,0,33,35
7,75,77753.0,5.079829923046333,6.238467577094809,OPTIMAL,20196,0,0,40,17
7,75,77913.0,5.079829923046333,6.238467577094809,OPTIMAL,20215,0,0,35,48
7,75,78004.0,5.08309539032254,6.238467577094809,OPTIMAL,20269,0,0,29,20
7,75,78086.0,5.08309539032254,6.238467577094809,OPTIMAL,20285,0,0,31,34
7,75,78175.0,5.0834633517056975,6.238467577094809,OPTIMAL,20334,0,0,29,16
7,75,78370.0,5.0834633517056975,6.238467577094809,OPTIMAL,20357,0,0,36,26
7,75,78489.0,5.085737092995564,6.238467577094809,OPTIMAL,20412,0,0,30,18
7,75,78518.0,5.085737092995564,6.238467577094809,OPTIMAL,20422,0,0,33,35
7,75,78677.0,5.089603072444009,6.238467577094809,OPTIMAL,20482,0,0,34,20
7,75,78759.0,5.089603072444009,6.238467577094809,OPTIMAL,20503,0,0,24,15
7,75,78885.0,5.0914437000958355,6.238467577094809,OPTIMAL,20547,0,0,23,13
7,75,79033.0,5.0914437000958355,6.238467577094809,OPTIMAL,20567,0,0,34,49
7,75,79153.0,5.102703228966544,6.238467577094809,OPTIMAL,20630,0,0,33,22
7,75,79281.0,5.102703228966544,6.238467577094809,OPTIMAL,20649,0,0,37,44
7,75,79434.0,5.107310588030617,6.238467577094809,OPTIMAL,20710,0,0,36,15
7,75,79554.0,5.107310588030617,6.238467577094809,OPTIMAL,20728,0,0,35,30
7,75,79672.0,5.11275590450203,6.238467577094809,OPTIMAL,20789,0,0,33,20
7,75,79686.0,5.11275590450203,6.238467577094809,OPTIMAL,20796,0,0,34,25
7,75,79816.0,5.132347227961489,6.238467577094809,OPTIMAL,20853,0,0,35,13
7,75,79876.0,5.132347227961489,6.238467577094809,OPTIMAL,20874,0,0,23,22
7,75,79980.0,5.1679467546943565,6.238467577094809,OPTIMAL,20924,0,0,19,20
7,75,80000.0,5.1679467546943565,6.238467577094809,OPTIMAL,20932,0,0,33,46
7,75,80093.0,5.168016903129667,6.238467577094809,OPTIMAL,20980,0,0,30,10
7,75,80123.0,5.168016903129667,6.238467577094809,OPTIMAL,20990,0,0,43,27
7,75,80356.0,5.194077079800005,6.238467577094809,OPTIMAL,21063,0,0,40,23
7,75,80474.0,5.194077079800005,6.238467577094809,OPTIMAL,21082,0,0,34,55
7,75,80603.0,5.197386669957393,6.238467577094809,OPTIMAL,21144,0,0,32,22
7,75,80654.0,5.197386669957393,6.238467577094809,OPTIMAL,21157,0,0,44,33
7,75,80841.0,5.202414028255504,6.238467577094809,OPTIMAL,21223,0,0,40,17
7,75,80940.0,5.202414028255504,6.238467577094809,OPTIMAL,21245,0,0,26,24
7,75,81011.0,5.207276199599376,6.238467577094809,OPTIMAL,21289,0,0,24,13
7,75,81148.0,5.207276199599376,6.238467577094809,OPTIMAL,21305,0,0,39,17
7,75,81292.0,5.222626933660839,6.238467577094809,OPTIMAL,21378,0,0,35,27
7,75,81364.0,5.222626933660839,6.238467577094809,OPTIMAL,21393,0,0,19,18
7,75,81411.0,5.23449524445998,6.238467577094809,OPTIMAL,21429,0,0,19,11
7,75,81585.0,5.23449524445998,6.238467577094809,OPTIMAL,21451,0,0,34,26
7,75,81710.0,5.2467872775591395,6.238467577094809,OPTIMAL,21507,0,0,29,20
7,75,81866.0,5.2467872775591395,6.238467577094809,OPTIMAL,21527,0,0,43,28
7,75,82123.0,5.247078530461808,6.238467577094809,OPTIMAL,21597,0,0,43,17
7,75,82161.0,5.247078530461808,6.238467577094809,OPTIMAL,21611,0,0,40,34
7,75,82367.0,5.24915520140553,6.238467577094809,OPTIMAL,21684,0,0,35,31
7,75,82446.0,5.24915520140553,6.238467577094809,OPTIMAL,21703,0,0,36,25
7,75,82621.0,5.25407262667461,6.238467577094809,OPTIMAL,21770,0,0,36,18
7,75,82725.0,5.25407262667461,6.238467577094809,OPTIMAL,21790,0,0,29,32
7,75,82823.0,5.254156968875359,6.238467577094809,OPTIMAL,21842,0,0,29,15
7,75,82850.0,5.254156968875359,6.238467577094809,OPTIMAL,21851,0,0,31,42
7,75,83046.0,5.263098062118665,6.238467577094809,OPTIMAL,21921,0,0,34,25
7,75,83085.0,5.263098062118665,6.238467577094809,OPTIMAL,21929,0,0,37,36
7,75,83228.0,5.264694447710767,6.238467577094809,OPTIMAL,21988,0,0,35,15
7,75,83256.0,5.264694447710767,6.238467577094809,OPTIMAL,22001,0,0,40,34
7,75,83437.0,5.271545788592276,6.238467577094809,OPTIMAL,22072,0,0,40,22
7,75,83531.0,5.271545788592276,6.238467577094809,OPTIMAL,22087,0,0,38,23
7,75,83705.0,5.282313823126786,6.238467577094809,OPTIMAL,22153,0,0,33,21
7,75,83764.0,5.282313823126786,6.238467577094809,OPTIMAL,22175,0,0,23,23
7,75,83846.0,5.286969445474016,6.238467577094809,OPTIMAL,22222,0,0,23,21
7,75,83979.0,5.286969445474016,6.238467577094809,OPTIMAL,22240,0,0,35,29
7,75,84091.0,5.310783910263298,6.238467577094809,OPTIMAL,22296,0,0,35,13
7,75,84124.0,5.310783910263298,6.238467577094809,OPTIMAL,22310,0,0,37,25
7,75,84278.0,5.310833275789133,6.238467577094809,OPTIMAL,22373,0,0,35,15
7,75,84696.0,5.310833275789133,6.238467577094809,OPTIMAL,22392,0,0,40,38
7,75,84848.0,5.3108692587917,6.238467577094809,OPTIMAL,22458,0,0,38,21
7,75,84979.0,5.3108692587917,6.238467577094809,OPTIMAL,22475,0,0,39,24
7,75,85160.0,5.312686613766483,6.238467577094809,OPTIMAL,22538,0,0,38,17
7,75,85305.0,5.312686613766483,6.238467577094809,OPTIMAL,22556,0,0,40,28
7,75,85429.0,5.323186685795236,6.238467577094809,OPTIMAL,22617,0,0,35,18
7,75,85465.0,5.323186685795236,6.238467577094809,OPTIMAL,22626,0,0,41,37
7,75,85626.0,5.324681011981128,6.238467577094809,OPTIMAL,22691,0,0,38,17
7,75,85808.0,5.324681011981128,6.238467577094809,OPTIMAL,22711,0,0,38,34
7,75,85961.0,5.325016615358182,6.238467577094809,OPTIMAL,22774,0,0,37,17
7,75,85996.0,5.325016615358182,6.238467577094809,OPTIMAL,22786,0,0,36,25
7,75,86155.0,5.32840594705141,6.238467577094809,OPTIMAL,22852,0,0,39,20
7,75,86210.0,5.32840594705141,6.238467577094809,OPTIMAL,22879,0,0,27,8
7,75,86292.0,5.336929820647378,6.238467577094809,OPTIMAL,22927,0,0,25,18
7,75,86488.0,5.336929820647378,6.238467577094809,OPTIMAL,22945,0,0,40,40
7,75,86601.0,5.33877754379184,6.238467577094809,OPTIMAL,22998,0,0,33,13
7,75,86651.0,5.33877754379184,6.238467577094809,OPTIMAL,23009,0,0,41,26
7,75,86831.0,5.358077430248752,6.238467577094809,OPTIMAL,23079,0,0,43,17
7,75,86863.0,5.358077430248752,6.238467577094809,OPTIMAL,23088,0,0,37,41
7,75,87212.0,5.359808213899599,6.238467577094809,OPTIMAL,23143,0,0,32,17
7,75,87242.0,5.359808213899599,6.238467577094809,OPTIMAL,23159,0,0,38,29
7,75,87430.0,5.3650860896851995,6.238467577094809,OPTIMAL,23232,0,0,40,20
7,75,87537.0,5.3650860896851995,6.238467577094809,OPTIMAL,23254,0,0,29,9
7,75,87639.0,5.369527851496574,6.238467577094809,OPTIMAL,23309,0,0,22,21
7,75,87709.0,5.369527851496574,6.238467577094809,OPTIMAL,23332,0,0,20,17
7,75,87768.0,5.372810828250586,6.238467577094809,OPTIMAL,23372,0,0,13,17
7,75,87794.0,5.372810828250586,6.238467577094809,OPTIMAL,23384,0,0,32,45
7,75,87899.0,5.373042103444449,6.238467577094809,OPTIMAL,23429,0,0,27,8
7,75,87934.0,5.373042103444449,6.238467577094809,OPTIMAL,23440,0,0,34,26
7,75,88105.0,5.375478125220454,6.238467577094809,OPTIMAL,23516,0,0,37,28
7,75,88136.0,5.375478125220454,6.238467577094809,OPTIMAL,23529,0,0,30,52
7,75,88225.0,5.376139758096454,6.238467577094809,OPTIMAL,23577,0,0,27,16
7,75,88324.0,5.376139758096454,6.238467577094809,OPTIMAL,23589,0,0,37,28
7,75,88413.0,5.381460790787179,6.238467577094809,OPTIMAL,23637,0,0,29,9
7,75,88443.0,5.381460790787179,6.238467577094809,OPTIMAL,23646,0,0,34,21
7,75,88615.0,5.38464985896437,6.238467577094809,OPTIMAL,23717,0,0,29,28
7,75,88648.0,5.38464985896437,6.238467577094809,OPTIMAL,23726,0,0,38,21
7,75,88769.0,5.402400445097866,6.238467577094809,OPTIMAL,23791,0,0,35,21
7,75,88797.0,5.402400445097866,6.238467577094809,OPTIMAL,23803,0,0,39,25
7,75,88940.0,5.402403593102039,6.238467577094809,OPTIMAL,23873,0,0,36,21
7,75,88969.0,5.402403593102039,6.238467577094809,OPTIMAL,23883,0,0,32,35
7,75,89065.0,5.403432706779991,6.238467577094809,OPTIMAL,23935,0,0,28,16
7,75,89179.0,5.403432706779991,6.238467577094809,OPTIMAL,23947,0,0,42,24
7,75,89347.0,5.40397251759602,6.238467577094809,OPTIMAL,24013,0,0,40,17
7,75,89451.0,5.40397251759602,6.238467577094809,OPTIMAL,24024,0,0,39,29
7,75,89702.0,5.435350894269656,6.238467577094809,OPTIMAL,24105,0,0,40,26
7,75,89784.0,5.435350894269656,6.238467577094809,OPTIMAL,24129,0,0,19,7
7,75,89859.0,5.435471933036918,6.238467577094809,OPTIMAL,24171,0,0,25,9
7,75,89991.0,5.435471933036918,6.238467577094809,OPTIMAL,24195,0,0,27,12
7,75,90072.0,5.436478951141003,6.238467577094809,OPTIMAL,24239,0,0,26,10
7,75,90224.0,5.436478951141003,6.238467577094809,OPTIMAL,24258,0,0,36,33
7,75,90327.0,5.436996965221607,6.238467577094809,OPTIMAL,24318,0,0,31,21
7,75,90365.0,5.436996965221607,6.238467577094809,OPTIMAL,24333,0,0,19,15
7,75,90441.0,5.4397202355201975,6.238467577094809,OPTIMAL,24378,0,0,21,18
7,75,90528.0,5.4397202355201975,6.238467577094809,OPTIMAL,24396,0,0,38,34
7,75,90671.0,5.448687254597132,6.238467577094809,OPTIMAL,24453,0,0,33,16
7,75,90688.0,5.448687254597132,6.238467577094809,OPTIMAL,24462,0,0,33,25
7,75,90831.0,5.4634664925835565,6.238467577094809,OPTIMAL,24521,0,0,35,18
7,75,90899.0,5.4634664925835565,6.238467577094809,OPTIMAL,24543,0,0,18,17
7,75,90955.0,5.467885503726385,6.238467577094809,OPTIMAL,24584,0,0,17,19
7,75,90986.0,5.467885503726385,6.238467577094809,OPTIMAL,24596,0,0,35,18
7,75,91089.0,5.468024732657973,6.238467577094809,OPTIMAL,24657,0,0,34,20
7,75,91182.0,5.468024732657973,6.238467577094809,OPTIMAL,24675,0,0,34,55
7,75,91297.0,5.473601875103035,6.238467577094809,OPTIMAL,24728,0,0,30,16
7,75,91325.0,5.473601875103035,6.238467577094809,OPTIMAL,24736,0,0,40,27
7,75,91507.0,5.477693441075225,6.238467577094809,OPTIMAL,24807,0,0,40,22
7,75,91543.0,5.477693441075225,6.238467577094809,OPTIMAL,24826,0,0,23,23
7,75,91650.0,5.487904745849135,6.238467577094809,OPTIMAL,24873,0,0,25,15
7,75,91672.0,5.487904745849135,6.238467577094809,OPTIMAL,24881,0,0,40,25
7,75,91854.0,5.500180980004803,6.238467577094809,OPTIMAL,24956,0,0,43,24
7,75,91878.0,5.500180980004803,6.238467577094809,OPTIMAL,24964,0,0,40,27
7,75,91976.0,5.503584302730049,6.238467577094809,OPTIMAL,25025,0,0,34,20
7,75,92043.0,5.503584302730049,6.238467577094809,OPTIMAL,25037,0,0,28,42
7,75,92143.0,5.517111428538181,6.238467577094809,OPTIMAL,25094,0,0,30,19
7,75,92164.0,5.517111428538181,6.238467577094809,OPTIMAL,25101,0,0,40,32
7,75,92277.0,5.525232158538678,6.238467577094809,OPTIMAL,25156,0,0,36,11
7,75,92319.0,5.525232158538678,6.238467577094809,OPTIMAL,25166,0,0,37,30
7,75,92483.0,5.5262354134199825,6.238467577094809,OPTIMAL,25235,0,0,38,23
7,75,92591.0,5.5262354134199825,6.238467577094809,OPTIMAL,25251,0,0,33,49
7,75,92720.0,5.527961393166951,6.238467577094809,OPTIMAL,25312,0,0,34,25
7,75,92897.0,5.527961393166951,6.238467577094809,OPTIMAL,25329,0,0,37,31
7,75,93056.0,5.528553572547915,6.238467577094809,OPTIMAL,25396,0,0,39,20
7,75,93083.0,5.528553572547915,6.238467577094809,OPTIMAL,25404,0,0,33,35
7,75,93206.0,5.530543571526772,6.238467577094809,OPTIMAL,25467,0,0,33,21
7,75,93236.0,5.530543571526772,6.238467577094809,OPTIMAL,25478,0,0,34,48
7,75,93336.0,5.5309755700443555,6.238467577094809,OPTIMAL,25535,0,0,34,12
7,75,93488.0,5.5309755700443555,6.238467577094809,OPTIMAL,25547,0,0,40,18
7,75,93652.0,5.533616326846611,6.238467577094809,OPTIMAL,25618,0,0,36,27
7,75,93772.0,5.533616326846611,6.238467577094809,OPTIMAL,25630,0,0,36,23
7,75,93931.0,5.534528046926273,6.238467577094809,OPTIMAL,25707,0,0,37,28
7,75,94017.0,5.534528046926273,6.238467577094809,OPTIMAL,25731,0,0,24,26
7,75,94077.0,5.536644457806754,6.238467577094809,OPTIMAL,25767,0,0,17,12
7,75,94164.0,5.536644457806754,6.238467577094809,OPTIMAL,25786,0,0,32,46
7,75,94235.0,5.542697309041976,6.238467577094809,OPTIMAL,25833,0,0,23,13
7,75,94247.0,5.542697309041976,6.238467577094809,OPTIMAL,25841,0,0,39,24
7,75,94396.0,5.546219286608759,6.238467577094809,OPTIMAL,25908,0,0,37,19
7,75,94419.0,5.546219286608759,6.238467577094809,OPTIMAL,25917,0,0,18,17
7,75,94478.0,5.549182514511033,6.238467577094809,OPTIMAL,25957,0,0,19,13
7,75,94562.0,5.549182514511033,6.238467577094809,OPTIMAL,25974,0,0,27,26
7,75,94657.0,5.554103399135411,6.238467577094809,OPTIMAL,26032,0,0,28,21
7,75,94672.0,5.554103399135411,6.238467577094809,OPTIMAL,26039,0,0,33,32
7,75,94812.0,5.556870656350121,6.238467577094809,OPTIMAL,26099,0,0,35,14
7,75,94898.0,5.556870656350121,6.238467577094809,OPTIMAL,26118,0,0,30,49
7,75,94990.0,5.559857447859932,6.238467577094809,OPTIMAL,26167,0,0,26,17
7,75,95010.0,5.559857447859932,6.238467577094809,OPTIMAL,26175,0,0,37,33
7,75,95181.0,5.565191301815039,6.238467577094809,OPTIMAL,26246,0,0,40,26
7,75,95264.0,5.565191301815039,6.238467577094809,OPTIMAL,26265,0,0,32,26
7,75,95354.0,5.5685541459987125,6.238467577094809,OPTIMAL,26316,0,0,28,14
7,75,95379.0,5.5685541459987125,6.238467577094809,OPTIMAL,26324,0,0,37,46
7,75,95513.0,5.571934354781378,6.238467577094809,OPTIMAL,26389,0,0,35,18
7,75,95537.0,5.571934354781378,6.238467577094809,OPTIMAL,26400,0,0,35,37
7,75,95689.0,5.590827803837264,6.238467577094809,OPTIMAL,26469,0,0,37,23
7,75,95764.0,5.590827803837264,6.238467577094809,OPTIMAL,26482,0,0,34,29
7,75,95875.0,5.611591857504879,6.238467577094809,OPTIMAL,26539,0,0,33,18
7,75,95968.0,5.611591857504879,6.238467577094809,OPTIMAL,26555,0,0,37,27
7,75,96142.0,5.6120860235904635,6.238467577094809,OPTIMAL,26620,0,0,37,21
7,75,96158.0,5.6120860235904635,6.238467577094809,OPTIMAL,26627,0,0,31,28
7,75,96311.0,5.619685353060683,6.238467577094809,OPTIMAL,26695,0,0,33,25
7,75,96378.0,5.619685353060683,6.238467577094809,OPTIMAL,26708,0,0,40,27
7,75,96542.0,5.621573189343109,6.238467577094809,OPTIMAL,26778,0,0,39,24
7,75,96636.0,5.621573189343109,6.238467577094809,OPTIMAL,26792,0,0,36,29
7,75,96755.0,5.630753050807535,6.238467577094809,OPTIMAL,26857,0,0,33,24
7,75,96841.0,5.630753050807535,6.238467577094809,OPTIMAL,26870,0,0,36,45
7,75,96915.0,5.630923019164053,6.238467577094809,OPTIMAL,26917,0,0,27,13
7,75,96945.0,5.630923019164053,6.238467577094809,OPTIMAL,26927,0,0,41,21
7,75,97087.0,5.635447276427389,6.238467577094809,OPTIMAL,26996,0,0,42,17
7,75,97120.0,5.635447276427389,6.238467577094809,OPTIMAL,27011,0,0,30,16
7,75,97189.0,5.648926857807283,6.238467577094809,OPTIMAL,27053,0,0,24,11
7,75,97194.0,5.648926857807283,6.238467577094809,OPTIMAL,27058,0,0,2,2
7,75,97196.0,5.649204238811377,6.238467577094809,OPTIMAL,27060,0,0,1,2
7,75,97288.0,5.649204238811377,6.238467577094809,OPTIMAL,27079,0,0,31,45
7,75,97365.0,5.65415142863365,6.238467577094809,OPTIMAL,27126,0,0,23,16
7,75,97431.0,5.65415142863365,6.238467577094809,OPTIMAL,27150,0,0,20,17
7,75,97485.0,5.660415937703389,6.238467577094809,OPTIMAL,27180,0,0,14,9
7,75,97513.0,5.660415937703389,6.238467577094809,OPTIMAL,27192,0,0,36,39
7,75,97700.0,5.6615342517153335,6.238467577094809,OPTIMAL,27267,0,0,34,26
7,75,97802.0,5.6615342517153335,6.238467577094809,OPTIMAL,27296,0,0,23,33
7,75,97890.0,5.661628452381929,6.238467577094809,OPTIMAL,27350,0,0,24,22
7,75,97974.0,5.661628452381929,6.238467577094809,OPTIMAL,27374,0,0,28,16
7,75,98043.0,5.668812031760712,6.238467577094809,OPTIMAL,27419,0,0,26,21
7,75,98128.0,5.668812031760712,6.238467577094809,OPTIMAL,27434,0,0,39,18
7,75,98259.0,5.678373158334374,6.238467577094809,OPTIMAL,27494,0,0,36,23
7,75,98340.0,5.678373158334374,6.238467577094809,OPTIMAL,27514,0,0,35,34
7,75,98447.0,5.680107523273879,6.238467577094809,OPTIMAL,27577,0,0,32,18
7,75,98474.0,5.680107523273879,6.238467577094809,OPTIMAL,27586,0,0,34,29
7,75,98592.0,5.684695776646874,6.238467577094809,OPTIMAL,27642,0,0,31,17
7,75,98713.0,5.684695776646874,6.238467577094809,OPTIMAL,27656,0,0,41,24
7,75,98893.0,5.698336646772129,6.238467577094809,OPTIMAL,27730,0,0,39,21
7,75,99033.0,5.698336646772129,6.238467577094809,OPTIMAL,27749,0,0,30,33
7,75,99115.0,5.6999681139894305,6.238467577094809,OPTIMAL,27795,0,0,25,11
7,75,99139.0,5.6999681139894305,6.238467577094809,OPTIMAL,27803,0,0,33,55
7,75,99257.0,5.701563685291467,6.238467577094809,OPTIMAL,27857,0,0,33,15
7,75,99298.0,5.701563685291467,6.238467577094809,OPTIMAL,27868,0,0,36,22
7,75,99422.0,5.7056532752308255,6.238467577094809,OPTIMAL,27922,0,0,34,14
7,75,99475.0,5.7056532752308255,6.238467577094809,OPTIMAL,27943,0,0,22,29
7,75,99555.0,5.711926891455852,6.238467577094809,OPTIMAL,27981,0,0,20,13
7,75,99572.0,5.711926891455852,6.238467577094809,OPTIMAL,27989,0,0,32,28
7,75,99663.0,5.720295524339602,6.238467577094809,OPTIMAL,28045,0,0,31,16
7,75,99681.0,5.720295524339602,6.238467577094809,OPTIMAL,28056,0,0,27,10
7,75,99755.0,5.72414657559602,6.238467577094809,OPTIMAL,28102,0,0,25,13
7,75,99842.0,5.72414657559602,6.238467577094809,OPTIMAL,28115,0,0,44,45
7,75,99995.0,5.72661408574001,6.238467577094809,OPTIMAL,28178,0,0,38,22
7,75,100076.0,5.72661408574001,6.238467577094809,OPTIMAL,28194,0,0,41,21
7,75,100208.0,5.726648921792401,6.238467577094809,OPTIMAL,28258,0,0,37,16
7,75,100363.0,5.726648921792401,6.238467577094809,OPTIMAL,28282,0,0,38,33
7,75,100471.0,5.731766940246443,6.238467577094809,OPTIMAL,28341,0,0,40,16
7,75,100605.0,5.731766940246443,6.238467577094809,OPTIMAL,28355,0,0,41,27
7,75,100744.0,5.74211653583154,6.238467577094809,OPTIMAL,28427,0,0,39,23
7,75,100771.0,5.74211653583154,6.238467577094809,OPTIMAL,28434,0,0,36,32
7,75,100962.0,5.742504309858221,6.238467577094809,OPTIMAL,28509,0,0,40,26
7,75,101056.0,5.742504309858221,6.238467577094809,OPTIMAL,28528,0,0,34,28
7,75,101216.0,5.743649580265627,6.238467577094809,OPTIMAL,28596,0,0,40,21
7,75,101235.0,5.743649580265627,6.238467577094809,OPTIMAL,28603,0,0,35,26
7,75,101378.0,5.7445909449859185,6.238467577094809,OPTIMAL,28670,0,0,34,24
7,75,101436.0,5.7445909449859185,6.238467577094809,OPTIMAL,28691,0,0,21,16
7,75,101497.0,5.748101886558325,6.238467577094809,OPTIMAL,28736,0,0,17,16
7,75,101531.0,5.748101886558325,6.238467577094809,OPTIMAL,28747,0,0,37,32
7,75,101707.0,5.754566717165726,6.238467577094809,OPTIMAL,28816,0,0,39,19
7,75,101796.0,5.754566717165726,6.238467577094809,OPTIMAL,28833,0,0,37,30
7,75,101872.0,5.75677741704447,6.238467577094809,OPTIMAL,28880,0,0,25,14
7,75,101965.0,5.75677741704447,6.238467577094809,OPTIMAL,28900,0,0,30,45
7,75,102035.0,5.760760420597372,6.238467577094809,OPTIMAL,28940,0,0,25,9
7,75,102197.0,5.760760420597372,6.238467577094809,OPTIMAL,28977,0,0,22,23
7,75,102246.0,5.765688449861121,6.238467577094809,OPTIMAL,29015,0,0,17,22
7,75,102271.0,5.765688449861121,6.238467577094809,OPTIMAL,29023,0,0,41,31
7,75,102448.0,5.7739678420736436,6.238467577094809,OPTIMAL,29097,0,0,37,25
7,75,102541.0,5.7739678420736436,6.238467577094809,OPTIMAL,29113,0,0,37,32
7,75,102648.0,5.782803219752785,6.238467577094809,OPTIMAL,29173,0,0,34,16
7,75,102682.0,5.782803219752785,6.238467577094809,OPTIMAL,29182,0,0,39,28
7,75,102815.0,5.78691036319519,6.238467577094809,OPTIMAL,29245,0,0,34,22
7,75,102867.0,5.78691036319519,6.238467577094809,OPTIMAL,29258,0,0,33,34
7,75,103008.0,5.804995275223459,6.238467577094809,OPTIMAL,29326,0,0,38,26
7,75,103101.0,5.804995275223459,6.238467577094809,OPTIMAL,29347,0,0,18,13
7,75,103143.0,5.806691417712677,6.238467577094809,OPTIMAL,29379,0,0,11,17
7,75,103172.0,5.806691417712677,6.238467577094809,OPTIMAL,29391,0,0,38,19
7,75,103279.0,5.807830583639768,6.238467577094809,OPTIMAL,29448,0,0,34,14
7,75,103370.0,5.807830583639768,6.238467577094809,OPTIMAL,29468,0,0,29,50
7,75,103451.0,5.8155613654704155,6.238467577094809,OPTIMAL,29517,0,0,22,21
7,75,103502.0,5.8155613654704155,6.238467577094809,OPTIMAL,29527,0,0,36,39
7,75,103630.0,5.819239814292457,6.238467577094809,OPTIMAL,29583,0,0,32,16
7,75,103652.0,5.819239814292457,6.238467577094809,OPTIMAL,29593,0,0,36,34
7,75,103818.0,5.825241539140995,6.238467577094809,OPTIMAL,29658,0,0,38,20
7,75,103926.0,5.825241539140995,6.238467577094809,OPTIMAL,29670,0,0,33,45
7,75,104073.0,5.828691569165787,6.238467577094809,OPTIMAL,29733,0,0,31,25
7,75,104087.0,5.828691569165787,6.238467577094809,OPTIMAL,29739,0,0,39,36
7,75,104214.0,5.828794473814028,6.238467577094809,OPTIMAL,29805,0,0,36,17
7,75,104262.0,5.828794473814028,6.238467577094809,OPTIMAL,29828,0,0,18,14
7,75,104317.0,5.8353244412369945,6.238467577094809,OPTIMAL,29868,0,0,17,14
7,75,104423.0,5.8353244412369945,6.238467577094809,OPTIMAL,29881,0,0,41,21
7,75,104557.0,5.848617585156548,6.238467577094809,OPTIMAL,29945,0,0,40,14
7,75,104634.0,5.848617585156548,6.238467577094809,OPTIMAL,29957,0,0,35,25
7,75,104778.0,5.849240017226367,6.238467577094809,OPTIMAL,30020,0,0,36,19
7,75,104803.0,5.849240017226367,6.238467577094809,OPTIMAL,30026,0,0,42,40
7,75,104951.0,5.849252601376078,6.238467577094809,OPTIMAL,30087,0,0,37,21
7,75,104971.0,5.849252601376078,6.238467577094809,OPTIMAL,30095,0,0,27,45
7,75,105024.0,5.853347773641876,6.238467577094809,OPTIMAL,30134,0,0,23,11
7,75,105057.0,5.853347773641876,6.238467577094809,OPTIMAL,30144,0,0,38,37
7,75,105213.0,5.85406267359561,6.238467577094809,OPTIMAL,30216,0,0,40,19
7,75,105310.0,5.85406267359561,6.238467577094809,OPTIMAL,30228,0,0,44,21
7,75,105453.0,5.854408302977399,6.238467577094809,OPTIMAL,30297,0,0,37,24
7,75,105558.0,5.854408302977399,6.238467577094809,OPTIMAL,30313,0,0,34,37
7,75,105651.0,5.8614641211860725,6.238467577094809,OPTIMAL,30368,0,0,31,15
7,75,105731.0,5.8614641211860725,6.238467577094809,OPTIMAL,30381,0,0,29,28
7,75,105870.0,5.866477680995443,6.238467577094809,OPTIMAL,30437,0,0,29,17
7,75,105961.0,5.866477680995443,6.238467577094809,OPTIMAL,30455,0,0,16,10
7,75,106014.0,5.868452824832055,6.238467577094809,OPTIMAL,30492,0,0,15,15
7,75,106056.0,5.868452824832055,6.238467577094809,OPTIMAL,30499,0,0,37,33
7,75,106187.0,5.8685686839771485,6.238467577094809,OPTIMAL,30561,0,0,36,13
7,75,106253.0,5.8685686839771485,6.238467577094809,OPTIMAL,30574,0,0,32,26
7,75,106363.0,5.870593742291597,6.238467577094809,OPTIMAL,30637,0,0,38,16
7,75,106406.0,5.870593742291597,6.238467577094809,OPTIMAL,30653,0,0,29,18
7,75,106486.0,5.871520541542274,6.238467577094809,OPTIMAL,30706,0,0,27,17
7,75,106495.0,5.871520541542274,6.238467577094809,OPTIMAL,30714,0,0,15,14
7,75,106557.0,5.875162039036486,6.238467577094809,OPTIMAL,30752,0,0,22,8
7,75,106611.0,5.875162039036486,6.238467577094809,OPTIMAL,30775,0,0,23,27
7,75,106660.0,5.890953426006025,6.238467577094809,OPTIMAL,30815,0,0,17,15
7,75,106711.0,5.890953426006025,6.238467577094809,OPTIMAL,30826,0,0,38,22
7,75,106847.0,5.891341773669603,6.238467577094809,OPTIMAL,30885,0,0,33,21
7,75,106904.0,5.891341773669603,6.238467577094809,OPTIMAL,30899,0,0,29,13
7,75,106997.0,5.893517259673614,6.238467577094809,OPTIMAL,30952,0,0,27,18
7,75,107082.0,5.893517259673614,6.238467577094809,OPTIMAL,30965,0,0,40,25
7,75,107240.0,5.894878970552828,6.238467577094809,OPTIMAL,31032,0,0,40,18
7,75,107316.0,5.894878970552828,6.238467577094809,OPTIMAL,31045,0,0,36,17
7,75,107416.0,5.895147744569373,6.238467577094809,OPTIMAL,31100,0,0,34,12
7,75,107463.0,5.895147744569373,6.238467577094809,OPTIMAL,31110,0,0,39,37
7,75,107612.0,5.899914439962899,6.238467577094809,OPTIMAL,31182,0,0,35,23
7,75,107699.0,5.899914439962899,6.238467577094809,OPTIMAL,31201,0,0,35,45
7,75,107781.0,5.900158242347272,6.238467577094809,OPTIMAL,31253,0,0,29,15
7,75,107969.0,5.900158242347272,6.238467577094809,OPTIMAL,31264,0,0,41,23
7,75,108143.0,5.905908616480531,6.238467577094809,OPTIMAL,31336,0,0,40,20
7,75,108163.0,5.905908616480531,6.238467577094809,OPTIMAL,31346,0,0,31,18
7,75,108270.0,5.906815712579196,6.238467577094809,OPTIMAL,31398,0,0,30,14
7,75,108282.0,5.906815712579196,6.238467577094809,OPTIMAL,31405,0,0,11,12
7,75,108317.0,5.9099704365045165,6.238467577094809,OPTIMAL,31439,0,0,10,16
7,75,108346.0,5.9099704365045165,6.238467577094809,OPTIMAL,31449,0,0,38,23
7,75,108490.0,5.921259712188755,6.238467577094809,OPTIMAL,31515,0,0,35,22
7,75,108552.0,5.921259712188755,6.238467577094809,OPTIMAL,31529,0,0,21,9
7,75,108645.0,5.934427120582644,6.238467577094809,OPTIMAL,31567,0,0,20,9
7,75,108668.0,5.934427120582644,6.238467577094809,OPTIMAL,31576,0,0,38,24
7,75,108803.0,5.9403823808994565,6.238467577094809,OPTIMAL,31637,0,0,39,13
7,75,108885.0,5.9403823808994565,6.238467577094809,OPTIMAL,31659,0,0,28,50
7,75,108971.0,5.9406349401663965,6.238467577094809,OPTIMAL,31707,0,0,21,23
7,75,109045.0,5.9406349401663965,6.238467577094809,OPTIMAL,31722,0,0,36,31
7,75,109174.0,5.944864724915974,6.238467577094809,OPTIMAL,31781,0,0,30,23
7,75,109228.0,5.944864724915974,6.238467577094809,OPTIMAL,31808,0,0,12,12
7,75,109260.0,5.950474640585164,6.238467577094809,OPTIMAL,31836,0,0,10,15
7,75,109286.0,5.950474640585164,6.238467577094809,OPTIMAL,31843,0,0,38,22
7,75,109405.0,5.954716868258763,6.238467577094809,OPTIMAL,31902,0,0,37,13
7,75,109483.0,5.954716868258763,6.238467577094809,OPTIMAL,31925,0,0,23,47
7,75,109558.0,5.962184670411936,6.238467577094809,OPTIMAL,31967,0,0,19,14
7,75,109639.0,5.962184670411936,6.238467577094809,OPTIMAL,31978,0,0,37,31
7,75,109768.0,5.9624874545667295,6.238467577094809,OPTIMAL,32038,0,0,40,13
7,75,109786.0,5.9624874545667295,6.238467577094809,OPTIMAL,32046,0,0,26,9
7,75,109852.0,5.96696775209961,6.238467577094809,OPTIMAL,32090,0,0,20,13
7,75,109887.0,5.96696775209961,6.238467577094809,OPTIMAL,32100,0,0,37,20
7,75,110033.0,5.974231084191821,6.238467577094809,OPTIMAL,32169,0,0,43,17
7,75,110062.0,5.974231084191821,6.238467577094809,OPTIMAL,32181,0,0,36,23
7,75,110191.0,5.981348440331917,6.238467577094809,OPTIMAL,32242,0,0,36,19
7,75,110256.0,5.981348440331917,6.238467577094809,OPTIMAL,32256,0,0,23,26
7,75,110330.0,5.9832758084258755,6.238467577094809,OPTIMAL,32302,0,0,18,16
7,75,110423.0,5.9832758084258755,6.238467577094809,OPTIMAL,32315,0,0,39,30
7,75,110533.0,5.985947765598503,6.238467577094809,OPTIMAL,32376,0,0,32,20
7,75,110603.0,5.985947765598503,6.238467577094809,OPTIMAL,32389,0,0,28,29
7,75,110710.0,5.988688553903795,6.238467577094809,OPTIMAL,32449,0,0,31,20
7,75,110747.0,5.988688553903795,6.238467577094809,OPTIMAL,32457,0,0,39,23
7,75,110903.0,5.989455006904938,6.238467577094809,OPTIMAL,32518,0,0,38,13
7,75,110963.0,5.989455006904938,6.238467577094809,OPTIMAL,32530,0,0,32,21
7,75,111084.0,6.00127885186406,6.238467577094809,OPTIMAL,32587,0,0,34,16
7,75,111142.0,6.00127885186406,6.238467577094809,OPTIMAL,32611,0,0,22,26
7,75,111201.0,6.001448586919331,6.238467577094809,OPTIMAL,32651,0,0,18,16
7,75,111230.0,6.001448586919331,6.238467577094809,OPTIMAL,32661,0,0,39,50
7,75,111385.0,6.0026927123810685,6.238467577094809,OPTIMAL,32720,0,0,36,18
7,75,111441.0,6.0026927123810685,6.238467577094809,OPTIMAL,32745,0,0,13,12
7,75,111487.0,6.006677649575906,6.238467577094809,OPTIMAL,32770,0,0,10,9
7,75,111527.0,6.006677649575906,6.238467577094809,OPTIMAL,32778,0,0,35,28
7,75,111638.0,6.007335879618628,6.238467577094809,OPTIMAL,32835,0,0,38,12
7,75,111655.0,6.007335879618628,6.238467577094809,OPTIMAL,32845,0,0,27,12
7,75,111726.0,6.020178093193557,6.238467577094809,OPTIMAL,32890,0,0,25,12
7,75,111791.0,6.020178093193557,6.238467577094809,OPTIMAL,32907,0,0,30,55
7,75,111913.0,6.023248067415314,6.238467577094809,OPTIMAL,32964,0,0,29,21
7,75,111929.0,6.023248067415314,6.238467577094809,OPTIMAL,32971,0,0,39,18
7,75,112081.0,6.0241015712958355,6.238467577094809,OPTIMAL,33041,0,0,38,23
7,75,112101.0,6.0241015712958355,6.238467577094809,OPTIMAL,33049,0,0,34,29
7,75,112230.0,6.03044127353605,6.238467577094809,OPTIMAL,33113,0,0,38,17
7,75,112279.0,6.03044127353605,6.238467577094809,OPTIMAL,33135,0,0,14,13
7,75,112311.0,6.0360572222450495,6.238467577094809,OPTIMAL,33162,0,0,10,9
7,75,112389.0,6.0360572222450495,6.238467577094809,OPTIMAL,33175,0,0,39,25
7,75,112528.0,6.039997568673078,6.238467577094809,OPTIMAL,33239,0,0,43,10
7,75,112630.0,6.039997568673078,6.238467577094809,OPTIMAL,33252,0,0,41,18
7,75,112765.0,6.040987806495513,6.238467577094809,OPTIMAL,33314,0,0,34,21
7,75,112853.0,6.040987806495513,6.238467577094809,OPTIMAL,33337,0,0,21,26
7,75,112920.0,6.043895957606805,6.238467577094809,OPTIMAL,33375,0,0,17,14
7,75,112978.0,6.043895957606805,6.238467577094809,OPTIMAL,33394,0,0,26,18
7,75,113057.0,6.046024713485647,6.238467577094809,OPTIMAL,33439,0,0,26,11
7,75,113079.0,6.046024713485647,6.238467577094809,OPTIMAL,33449,0,0,37,21
7,75,113192.0,6.046481693792069,6.238467577094809,OPTIMAL,33511,0,0,37,17
7,75,113255.0,6.046481693792069,6.238467577094809,OPTIMAL,33523,0,0,33,35
7,75,113328.0,6.046566394465539,6.238467577094809,OPTIMAL,33568,0,0,24,16
7,75,113346.0,6.046566394465539,6.238467577094809,OPTIMAL,33576,0,0,37,31
7,75,113486.0,6.051502999103027,6.238467577094809,OPTIMAL,33632,0,0,33,14
7,75,113549.0,6.051502999103027,6.238467577094809,OPTIMAL,33645,0,0,31,27
7,75,113637.0,6.05374391333257,6.238467577094809,OPTIMAL,33697,0,0,26,16
7,75,113685.0,6.05374391333257,6.238467577094809,OPTIMAL,33721,0,0,13,13
7,75,113720.0,6.061341203045932,6.238467577094809,OPTIMAL,33751,0,0,13,8
7,75,113744.0,6.061341203045932,6.238467577094809,OPTIMAL,33769,0,0,14,12
7,75,113808.0,6.0680279663371195,6.238467577094809,OPTIMAL,33808,0,0,20,10
7,75,113897.0,6.0680279663371195,6.238467577094809,OPTIMAL,33822,0,0,35,25
7,75,114004.0,6.077503685815897,6.238467577094809,OPTIMAL,33881,0,0,34,15
7,75,114016.0,6.077503685815897,6.238467577094809,OPTIMAL,33887,0,0,31,32
7,75,114135.0,6.083538969792231,6.238467577094809,OPTIMAL,33948,0,0,36,16
7,75,114164.0,6.083538969792231,6.238467577094809,OPTIMAL,33957,0,0,42,24
7,75,114281.0,6.094479679844149,6.238467577094809,OPTIMAL,34019,0,0,36,15
7,75,114287.0,6.094479679844149,6.238467577094809,OPTIMAL,34025,0,0,11,13
7,75,114332.0,6.095190917965444,6.238467577094809,OPTIMAL,34055,0,0,8,12
7,75,114365.0,6.095190917965444,6.238467577094809,OPTIMAL,34064,0,0,35,25
7,75,114501.0,6.0955984527342135,6.238467577094809,OPTIMAL,34129,0,0,34,24
7,75,114556.0,6.0955984527342135,6.238467577094809,OPTIMAL,34144,0,0,24,38
7,75,114622.0,6.096693809132336,6.238467577094809,OPTIMAL,34187,0,0,21,15
7,75,114682.0,6.096693809132336,6.238467577094809,OPTIMAL,34197,0,0,39,32
7,75,114847.0,6.101571112729253,6.238467577094809,OPTIMAL,34268,0,0,39,24
7,75,114948.0,6.101571112729253,6.238467577094809,OPTIMAL,34283,0,0,40,34
7,75,115111.0,6.1039136786331385,6.238467577094809,OPTIMAL,34348,0,0,40,14
7,75,115128.0,6.1039136786331385,6.238467577094809,OPTIMAL,34356,0,0,36,23
7,75,115249.0,6.103969056406958,6.238467577094809,OPTIMAL,34415,0,0,31,18
7,75,115344.0,6.103969056406958,6.238467577094809,OPTIMAL,34426,0,0,35,45
7,75,115477.0,6.106367611370054,6.238467577094809,OPTIMAL,34489,0,0,30,21
7,75,115529.0,6.106367611370054,6.238467577094809,OPTIMAL,34501,0,0,29,20
7,75,115615.0,6.10852946876217,6.238467577094809,OPTIMAL,34554,0,0,26,18
7,75,115687.0,6.10852946876217,6.238467577094809,OPTIMAL,34565,0,0,38,28
7,75,115863.0,6.109526021082403,6.238467577094809,OPTIMAL,34632,0,0,31,27
7,75,115978.0,6.109526021082403,6.238467577094809,OPTIMAL,34645,0,0,32,21
7,75,116083.0,6.115544029978875,6.238467577094809,OPTIMAL,34699,0,0,30,15
7,75,116153.0,6.115544029978875,6.238467577094809,OPTIMAL,34713,0,0,34,38
7,75,116293.0,6.1155514527668355,6.238467577094809,OPTIMAL,34772,0,0,37,17
7,75,116316.0,6.1155514527668355,6.238467577094809,OPTIMAL,34780,0,0,37,48
7,75,116419.0,6.11617322986869,6.238467577094809,OPTIMAL,34835,0,0,35,15
7,75,116438.0,6.11617322986869,6.238467577094809,OPTIMAL,34843,0,0,24,47
7,75,116526.0,6.122746445467932,6.238467577094809,OPTIMAL,34892,0,0,24,17
7,75,116549.0,6.122746445467932,6.238467577094809,OPTIMAL,34900,0,0,29,51
7,75,116635.0,6.1237433561750585,6.238467577094809,OPTIMAL,34952,0,0,27,17
7,75,116653.0,6.1237433561750585,6.238467577094809,OPTIMAL,34961,0,0,36,22
7,75,116797.0,6.12615038338633,6.238467577094809,OPTIMAL,35026,0,0,35,18
7,75,116819.0,6.12615038338633,6.238467577094809,OPTIMAL,35038,0,0,30,12
7,75,116903.0,6.1272191690849285,6.238467577094809,OPTIMAL,35093,0,0,30,17
7,75,116963.0,6.1272191690849285,6.238467577094809,OPTIMAL,35103,0,0,36,23
7,75,117089.0,6.132462567890173,6.238467577094809,OPTIMAL,35158,0,0,34,13
7,75,117122.0,6.132462567890173,6.238467577094809,OPTIMAL,35177,0,0,10,14
7,75,117157.0,6.1330469724929895,6.238467577094809,OPTIMAL,35202,0,0,12,7
7,75,117199.0,6.1330469724929895,6.238467577094809,OPTIMAL,35214,0,0,23,27
7,75,117267.0,6.138900104578374,6.238467577094809,OPTIMAL,35259,0,0,21,18
7,75,117292.0,6.138900104578374,6.238467577094809,OPTIMAL,35266,0,0,36,24
7,75,117443.0,6.140731863679182,6.238467577094809,OPTIMAL,35337,0,0,37,20
7,75,117527.0,6.140731863679182,6.238467577094809,OPTIMAL,35346,0,0,37,21
7,75,117700.0,6.144141724670131,6.238467577094809,OPTIMAL,35418,0,0,38,24
7,75,117777.0,6.144141724670131,6.238467577094809,OPTIMAL,35433,0,0,28,21
7,75,117848.0,6.15485481859478,6.238467577094809,OPTIMAL,35484,0,0,25,21
7,75,117909.0,6.15485481859478,6.238467577094809,OPTIMAL,35494,0,0,38,26
7,75,118076.0,6.157410437034306,6.238467577094809,OPTIMAL,35566,0,0,36,24
7,75,118085.0,6.157410437034306,6.238467577094809,OPTIMAL,35574,0,0,12,13
7,75,118121.0,6.1624791444071265,6.238467577094809,OPTIMAL,35604,0,0,9,13
7,75,118168.0,6.1624791444071265,6.238467577094809,OPTIMAL,35614,0,0,37,27
7,75,118301.0,6.16542721172945,6.238467577094809,OPTIMAL,35670,0,0,33,17
7,75,118377.0,6.16542721172945,6.238467577094809,OPTIMAL,35680,0,0,40,34
7,75,118496.0,6.165456892867024,6.238467577094809,OPTIMAL,35741,0,0,38,18
7,75,118509.0,6.165456892867024,6.238467577094809,OPTIMAL,35748,0,0,25,24
7,75,118584.0,6.166615533314036,6.238467577094809,OPTIMAL,35796,0,0,23,16
7,75,118598.0,6.166615533314036,6.238467577094809,OPTIMAL,35804,0,0,14,13
7,75,118662.0,6.1705740453796505,6.238467577094809,OPTIMAL,35836,0,0,14,11
7,75,118668.0,6.1705740453796505,6.238467577094809,OPTIMAL,35842,0,0,10,12
7,75,118703.0,6.179438309753609,6.238467577094809,OPTIMAL,35868,0,0,12,10
